   1.0000000e+00   5.6152570e-01   9.4367890e-03   1.1983111e-01   1.0000000e+00   1.0154029e-01   7.1079773e-01   1.2876865e-01   4.4022235e-01
   1.0000000e+00   5.5758363e-01   5.9431540e-03   8.9160807e-02   1.0000000e+00   7.3361568e-02   7.5156200e-01   9.9578708e-02   5.2795488e-01
   1.0000000e+00   5.5949175e-01   5.0232802e-03   1.3333133e-01   1.0000000e+00   1.1477014e-01   6.7818195e-01   1.3513827e-01   3.8899550e-01
   1.0000000e+00   5.6060135e-01   7.4354690e-03   1.3336781e-01   1.0000000e+00   1.0848765e-01   7.2811615e-01   1.3816479e-01   4.7188672e-01
   2.0000000e+00   5.5926645e-01   6.9346083e-03   1.3249293e-01   1.0000000e+00   1.1503201e-01   6.9342035e-01   1.3979594e-01   4.1844189e-01
   2.0000000e+00   5.5941600e-01   9.3693212e-03   8.9790605e-02   1.0000000e+00   7.8841694e-02   7.1916419e-01   9.2859581e-02   4.4870120e-01
   2.0000000e+00   5.6025952e-01   7.7127581e-03   1.5043530e-01   1.0000000e+00   1.3263936e-01   6.7156488e-01   1.5442938e-01   3.8155875e-01
   2.0000000e+00   5.6105083e-01   9.4585977e-03   1.5155119e-01   1.0000000e+00   1.3405755e-01   6.5684265e-01   1.4593603e-01   3.5092551e-01
   2.0000000e+00   5.6050980e-01   1.0301436e-02   1.5995404e-01   1.0000000e+00   1.4811701e-01   6.5477669e-01   1.6407077e-01   3.4758338e-01
   3.0000000e+00   5.5818319e-01   1.4710447e-02   1.1854206e-01   1.0000000e+00   1.0151078e-01   6.5428269e-01   1.3218527e-01   3.7490198e-01
   3.0000000e+00   5.6076211e-01   1.0425845e-02   1.0669012e-01   1.0000000e+00   8.6133003e-02   6.9672751e-01   1.0886309e-01   4.3126974e-01
   3.0000000e+00   5.6138200e-01   6.8547726e-03   1.6517641e-01   1.0000000e+00   1.4283995e-01   6.3336974e-01   1.7421259e-01   3.2685488e-01
   3.0000000e+00   5.6042963e-01   8.6068939e-03   1.3637929e-01   1.0000000e+00   1.2420018e-01   6.7256379e-01   1.3964550e-01   3.7853113e-01
   3.0000000e+00   5.6084806e-01   6.3621523e-03   1.6836983e-01   1.0000000e+00   1.4855295e-01   6.6322756e-01   1.7053589e-01   3.6816695e-01
   3.0000000e+00   5.6083196e-01   6.9249570e-03   1.2346400e-01   1.0000000e+00   1.0772849e-01   6.8882018e-01   1.2743290e-01   4.0798098e-01
   3.0000000e+00   5.6076741e-01   9.4975242e-03   1.6717954e-01   1.0000000e+00   1.4538310e-01   6.5416169e-01   1.7317036e-01   3.5721028e-01
   4.0000000e+00   5.5968028e-01   8.4461980e-03   1.4416331e-01   1.0000000e+00   1.2149109e-01   6.5398699e-01   1.4619543e-01   3.6817354e-01
   4.0000000e+00   5.5759013e-01   6.3159922e-03   1.0774635e-01   1.0000000e+00   8.6723700e-02   7.0719528e-01   1.1413066e-01   4.3219155e-01
   4.0000000e+00   5.6026942e-01   8.9317420e-03   1.5398964e-01   1.0000000e+00   1.3948460e-01   6.5958345e-01   1.6284457e-01   3.5835287e-01
   4.0000000e+00   5.6017572e-01   9.7576799e-03   1.3113031e-01   1.0000000e+00   1.1044110e-01   7.3967528e-01   1.3766564e-01   5.1435065e-01
   4.0000000e+00   5.6317127e-01   1.0524431e-02   1.5439124e-01   1.0000000e+00   1.3552621e-01   6.4239848e-01   1.5600759e-01   3.3195439e-01
   5.0000000e+00   5.5941397e-01   7.0540020e-03   1.2268826e-01   1.0000000e+00   9.6556559e-02   6.6691887e-01   1.2169926e-01   3.8186824e-01
   5.0000000e+00   5.5809724e-01   5.5644629e-03   1.3182037e-01   1.0000000e+00   1.1104670e-01   7.0271784e-01   1.3535435e-01   4.2980295e-01
   5.0000000e+00   5.6204510e-01   1.1051950e-02   1.3260269e-01   1.0000000e+00   1.0728079e-01   6.7378300e-01   1.2886044e-01   3.9162096e-01
   5.0000000e+00   5.5868602e-01   7.6562464e-03   1.0765815e-01   1.0000000e+00   8.9243941e-02   6.6944194e-01   1.2216661e-01   3.7356535e-01
   5.0000000e+00   5.5990213e-01   5.3216647e-03   1.2182304e-01   1.0000000e+00   1.0309330e-01   6.8293780e-01   1.2264241e-01   3.9346004e-01
   6.0000000e+00   5.5973780e-01   1.0341819e-02   1.1531039e-01   1.0000000e+00   9.1146670e-02   7.1159285e-01   1.0834098e-01   4.4771078e-01
   6.0000000e+00   5.5834204e-01   5.0130272e-03   1.3377950e-01   1.0000000e+00   1.1524859e-01   6.8971759e-01   1.4402652e-01   4.1611835e-01
   6.0000000e+00   5.6263912e-01   9.4695492e-03   1.5161690e-01   1.0000000e+00   1.2266237e-01   6.4424288e-01   1.4243749e-01   3.4236792e-01
   6.0000000e+00   5.5859530e-01   1.3681232e-02   1.3332111e-01   1.0000000e+00   1.2229362e-01   6.4205229e-01   1.2972732e-01   3.1618908e-01
   7.0000000e+00   5.6335729e-01   8.3971787e-03   1.3396387e-01   1.0000000e+00   1.2488281e-01   6.3125390e-01   1.4329922e-01   3.1007159e-01
   7.0000000e+00   5.5914694e-01   6.4382353e-03   1.5352742e-01   1.0000000e+00   1.3973121e-01   6.8761438e-01   1.5384524e-01   3.8702118e-01
   7.0000000e+00   5.5989414e-01   8.8158976e-03   1.3910551e-01   1.0000000e+00   1.2119591e-01   6.6203898e-01   1.4136782e-01   3.7274897e-01
   7.0000000e+00   5.5749452e-01   7.1885148e-03   9.5545024e-02   1.0000000e+00   1.0151201e-01   7.2103649e-01   1.3722257e-01   4.4971585e-01
   7.0000000e+00   5.5949026e-01   6.9696535e-03   1.4843185e-01   1.0000000e+00   1.3209748e-01   6.7436457e-01   1.7027639e-01   4.0439889e-01
   8.0000000e+00   5.6193113e-01   8.0794394e-03   1.4628279e-01   1.0000000e+00   1.3434273e-01   6.3858372e-01   1.5748025e-01   3.2051322e-01
   8.0000000e+00   5.6034356e-01   1.1554196e-02   2.0819803e-01   1.0000000e+00   1.8296172e-01   6.5748161e-01   2.0600961e-01   3.7220451e-01
   8.0000000e+00   5.5988085e-01   8.1735514e-03   1.5660715e-01   1.0000000e+00   1.4310282e-01   6.7562729e-01   1.6677976e-01   3.8483372e-01
   8.0000000e+00   5.5992717e-01   1.0274629e-02   1.5690346e-01   1.0000000e+00   1.4349394e-01   6.8157434e-01   1.6788001e-01   4.0287611e-01
   9.0000000e+00   5.5797440e-01   8.6548477e-03   1.4074758e-01   1.0000000e+00   1.1993032e-01   6.5025789e-01   1.4920196e-01   3.5378453e-01
   9.0000000e+00   5.5987787e-01   1.0215435e-02   1.1787332e-01   1.0000000e+00   1.0272340e-01   6.6766810e-01   1.2165363e-01   3.7079614e-01
   9.0000000e+00   5.6350470e-01   1.1442876e-02   1.7054281e-01   1.0000000e+00   1.3631888e-01   5.9850293e-01   1.6849473e-01   2.9015785e-01
   9.0000000e+00   5.5940545e-01   6.6970172e-03   1.4173234e-01   1.0000000e+00   1.2068924e-01   6.6798437e-01   1.4302540e-01   3.7269700e-01
   1.0000000e+01   5.6125277e-01   7.6913051e-03   1.6151956e-01   1.0000000e+00   1.3722697e-01   6.5764999e-01   1.6032961e-01   3.6444318e-01
   1.0000000e+01   3.0743420e-01   2.6152073e-03   2.2498373e-02   2.6053581e-01   1.0000000e+00   4.9801278e-01   4.9177900e-01   7.5503841e-02
   1.0000000e+01   5.5851722e-01   6.9178753e-03   1.3154218e-01   1.0000000e+00   1.1465544e-01   6.9472730e-01   1.3848837e-01   4.1830134e-01
   1.1000000e+01   5.5890435e-01   7.1917698e-03   1.4763720e-01   1.0000000e+00   1.2734717e-01   6.6600817e-01   1.4834855e-01   3.7804011e-01
   1.1000000e+01   5.6030470e-01   7.1406052e-03   1.5992533e-01   1.0000000e+00   1.5341094e-01   6.8668479e-01   1.7374401e-01   4.2712986e-01
   1.1000000e+01   5.6128961e-01   7.1988008e-03   1.8959449e-01   1.0000000e+00   1.5434043e-01   6.2095159e-01   1.9771603e-01   3.5963246e-01
   1.1000000e+01   5.6058210e-01   5.8235498e-03   1.3173378e-01   1.0000000e+00   1.0642736e-01   6.6738695e-01   1.3714172e-01   3.7213606e-01
   1.1000000e+01   5.5965656e-01   6.9108801e-03   1.2723547e-01   1.0000000e+00   1.1815546e-01   6.8241745e-01   1.2560153e-01   4.1449198e-01
   1.1000000e+01   6.1918044e-01   4.9917093e-03   9.9622744e-01   3.4227006e-02   1.0000000e+00   1.0599574e-02   9.9465519e-01   1.9613633e-02
   1.2000000e+01   5.6033194e-01   9.1790911e-03   1.4692600e-01   1.0000000e+00   1.2589982e-01   6.4227426e-01   1.3771263e-01   3.2285517e-01
   1.2000000e+01   5.6489474e-01   1.3869725e-02   1.8774325e-01   1.0000000e+00   1.6893493e-01   6.0827380e-01   1.9160762e-01   2.9558340e-01
   1.2000000e+01   5.5786562e-01   1.5671303e-02   1.1466136e-01   1.0000000e+00   1.0332931e-01   6.3088173e-01   1.2375735e-01   3.4373701e-01
   1.2000000e+01   6.1869282e-01   6.9939308e-03   1.0000000e+00   6.2053639e-02   9.9963224e-01   2.7660398e-02   9.8962277e-01   4.3151207e-02
   1.2000000e+01   6.1631978e-01   4.3508210e-03   9.9128121e-01   2.2290194e-02   1.0000000e+00   2.7240455e-02   9.8805428e-01   1.1994552e-02
   1.3000000e+01   5.5819839e-01   7.3008421e-03   1.3478564e-01   1.0000000e+00   1.1452507e-01   6.7166984e-01   1.3751510e-01   3.9369971e-01
   1.3000000e+01   5.6071442e-01   6.7361733e-03   1.3804947e-01   1.0000000e+00   1.2687689e-01   6.5107828e-01   1.5014027e-01   3.4915081e-01
   1.3000000e+01   5.5790055e-01   5.6311321e-03   1.5361446e-01   1.0000000e+00   1.3209486e-01   6.8754876e-01   1.4866914e-01   4.1939008e-01
   1.3000000e+01   5.5938679e-01   5.3622755e-03   1.2470646e-01   1.0000000e+00   1.1195104e-01   6.8448359e-01   1.3598874e-01   4.1003135e-01
   1.3000000e+01   5.5804229e-01   5.7483064e-03   1.2042721e-01   1.0000000e+00   1.0301983e-01   6.8992716e-01   1.2531936e-01   4.1788784e-01
   1.3000000e+01   5.6254536e-01   7.3385518e-03   1.2902176e-01   1.0000000e+00   1.1578779e-01   6.4534456e-01   1.3904209e-01   3.4913132e-01
   1.4000000e+01   5.6016451e-01   6.0848007e-03   1.5812315e-01   1.0000000e+00   1.3415173e-01   6.8251640e-01   1.6016619e-01   4.0611330e-01
   1.4000000e+01   5.5667156e-01   8.0441963e-03   1.3505514e-01   1.0000000e+00   1.1541223e-01   7.1931607e-01   1.3990025e-01   4.7336420e-01
   1.4000000e+01   5.5680615e-01   4.1244067e-03   1.3760622e-01   1.0000000e+00   1.1750502e-01   6.9794983e-01   1.4178522e-01   4.3124917e-01
   1.4000000e+01   5.5756289e-01   7.4290377e-03   9.4517998e-02   1.0000000e+00   8.1975520e-02   7.4697679e-01   1.0125563e-01   5.2416110e-01
   1.4000000e+01   5.5813521e-01   3.8015756e-03   1.3414751e-01   1.0000000e+00   1.0983160e-01   7.0749336e-01   1.3513722e-01   4.4107765e-01
   1.5000000e+01   5.5946761e-01   5.1208227e-03   1.2783369e-01   1.0000000e+00   1.0989699e-01   6.9183344e-01   1.3292944e-01   4.2289054e-01
   1.5000000e+01   5.6162065e-01   7.3807561e-03   1.5887558e-01   1.0000000e+00   1.4333887e-01   6.7141771e-01   1.6655602e-01   3.8453910e-01
   1.5000000e+01   6.2053847e-01   1.1889390e-02   9.9613798e-01   7.8606240e-02   1.0000000e+00   7.6723032e-02   9.8776960e-01   1.1028136e-01
   1.5000000e+01   5.6073570e-01   5.9096646e-03   1.4198196e-01   1.0000000e+00   1.2907647e-01   6.5167934e-01   1.5830988e-01   3.4867960e-01
   1.6000000e+01   5.5801320e-01   6.2924139e-03   1.3186215e-01   1.0000000e+00   1.0922671e-01   6.7522156e-01   1.2797296e-01   3.8540164e-01
   1.6000000e+01   5.5669963e-01   7.4529271e-03   1.2506720e-01   1.0000000e+00   1.0597719e-01   6.9656020e-01   1.3314709e-01   4.3223494e-01
   1.6000000e+01   5.6213814e-01   5.8687893e-03   1.3141093e-01   1.0000000e+00   1.1399131e-01   6.4180988e-01   1.3674323e-01   3.2239702e-01
   1.6000000e+01   5.5787289e-01   5.4434994e-03   1.2791917e-01   1.0000000e+00   1.1106188e-01   6.8357140e-01   1.3165927e-01   4.0255308e-01
   1.6000000e+01   5.5743629e-01   6.5652574e-03   1.2275917e-01   1.0000000e+00   1.0254053e-01   7.0131516e-01   1.2286569e-01   4.4280329e-01
   1.7000000e+01   5.5952543e-01   3.5938097e-03   1.3401988e-01   1.0000000e+00   1.2418573e-01   6.9396383e-01   1.4035089e-01   4.2807335e-01
   1.7000000e+01   5.5712193e-01   4.4591688e-03   1.2163012e-01   1.0000000e+00   1.0284420e-01   7.0475507e-01   1.2625086e-01   4.4492224e-01
   1.7000000e+01   5.5783927e-01   7.8973202e-03   1.3610406e-01   1.0000000e+00   1.1030155e-01   7.3933202e-01   1.3750592e-01   5.0550503e-01
   1.7000000e+01   5.5805409e-01   5.2623013e-03   1.2043879e-01   1.0000000e+00   1.0362655e-01   6.8924969e-01   1.2254568e-01   4.1627061e-01
   1.8000000e+01   5.5939865e-01   4.5204964e-03   1.3090296e-01   1.0000000e+00   1.1147845e-01   6.7574263e-01   1.3408825e-01   3.9313814e-01
   1.8000000e+01   5.5905980e-01   5.5985632e-03   1.1082486e-01   1.0000000e+00   1.0076728e-01   7.0811528e-01   1.2298556e-01   4.5545173e-01
   1.8000000e+01   6.1907685e-01   2.8198627e-03   9.9668616e-01   5.3515345e-02   1.0000000e+00   1.8268883e-02   9.9175435e-01   2.8056080e-02
   1.8000000e+01   5.6135577e-01   7.1879919e-03   1.1214272e-01   1.0000000e+00   9.2867419e-02   6.7251760e-01   1.0568534e-01   3.8040915e-01
   1.8000000e+01   5.6222439e-01   7.8608999e-03   1.7487118e-01   1.0000000e+00   1.5999700e-01   6.6875505e-01   1.8340889e-01   3.7661296e-01
   1.8000000e+01   5.5785877e-01   5.6125955e-03   1.4250624e-01   1.0000000e+00   1.2344186e-01   6.7949957e-01   1.5000257e-01   4.0617448e-01
   1.9000000e+01   5.5693614e-01   9.4124153e-03   1.1473858e-01   1.0000000e+00   9.5166132e-02   6.6718477e-01   1.2604292e-01   3.7192294e-01
   1.9000000e+01   5.5938435e-01   5.1963828e-03   9.8668113e-02   1.0000000e+00   7.8831986e-02   7.0497876e-01   9.7879656e-02   4.4542247e-01
   1.9000000e+01   5.5885535e-01   4.8353057e-03   1.3992965e-01   1.0000000e+00   1.2488256e-01   6.8264580e-01   1.4305380e-01   4.0826464e-01
   1.9000000e+01   5.6133527e-01   5.0357971e-03   1.3338861e-01   1.0000000e+00   1.1501165e-01   6.8021464e-01   1.4325923e-01   3.9861003e-01
   1.9000000e+01   5.5907077e-01   7.9989824e-03   1.4798303e-01   1.0000000e+00   1.2892945e-01   6.7465687e-01   1.4812039e-01   3.9929453e-01
   2.0000000e+01   5.5845857e-01   4.3079322e-03   1.1825525e-01   1.0000000e+00   1.0414781e-01   6.8530786e-01   1.2536456e-01   3.9957291e-01
   2.0000000e+01   5.5855125e-01   5.0603733e-03   1.3687059e-01   1.0000000e+00   1.2999696e-01   6.4311457e-01   1.5181689e-01   3.3463874e-01
   2.0000000e+01   5.5868727e-01   5.8116564e-03   1.2078007e-01   1.0000000e+00   1.0543189e-01   6.9554716e-01   1.1845265e-01   4.1698730e-01
   2.0000000e+01   6.1885107e-01   7.6163462e-03   9.9447149e-01   4.6638485e-02   1.0000000e+00   3.2231830e-02   9.8846376e-01   3.6428142e-02
   2.0000000e+01   5.6296641e-01   9.3273940e-03   1.8616797e-01   1.0000000e+00   1.6734922e-01   6.0862684e-01   1.8678863e-01   2.6468343e-01
   2.0000000e+01   5.5940259e-01   6.2404503e-03   1.1408633e-01   1.0000000e+00   9.9047817e-02   6.9867086e-01   1.2530370e-01   4.3086243e-01
   2.1000000e+01   3.0602288e-01   6.8552233e-03   6.2814236e-02   3.4517363e-01   1.0000000e+00   5.1950806e-01   5.8855128e-01   2.1716392e-01
   2.1000000e+01   5.5477649e-01   9.8624118e-03   1.4780036e-01   1.0000000e+00   1.3930012e-01   7.1318704e-01   1.6792241e-01   4.5630825e-01
   2.1000000e+01   5.5965346e-01   9.0177841e-03   1.3591415e-01   1.0000000e+00   1.1887249e-01   6.5435255e-01   1.4843380e-01   3.5486424e-01
   2.1000000e+01   5.5836028e-01   9.8010423e-03   1.4435357e-01   1.0000000e+00   1.2420497e-01   6.5095156e-01   1.5492116e-01   3.5499239e-01
   2.1000000e+01   5.5821866e-01   5.8155213e-03   1.2451467e-01   1.0000000e+00   1.0651655e-01   6.9419497e-01   1.2671499e-01   4.2317510e-01
   2.1000000e+01   5.6036699e-01   5.5299564e-03   1.5365672e-01   1.0000000e+00   1.3361201e-01   7.0402414e-01   1.5549861e-01   4.4207311e-01
   2.2000000e+01   5.6078768e-01   9.1284933e-03   1.1122946e-01   1.0000000e+00   1.0323473e-01   6.7740917e-01   1.2383571e-01   4.1299826e-01
   2.2000000e+01   5.6025994e-01   6.5851002e-03   1.3704966e-01   1.0000000e+00   1.1916126e-01   6.6498935e-01   1.4194115e-01   3.7980163e-01
   2.2000000e+01   5.5900097e-01   5.8218795e-03   1.5679097e-01   1.0000000e+00   1.4169841e-01   6.9680262e-01   1.6447254e-01   4.2321387e-01
   2.3000000e+01   5.6119746e-01   6.6664889e-03   1.2441084e-01   1.0000000e+00   1.1192796e-01   6.3840491e-01   1.3650765e-01   3.2768127e-01
   2.3000000e+01   6.1947674e-01   3.7967593e-03   9.9079019e-01   6.7866556e-02   1.0000000e+00   1.7958049e-02   9.8890352e-01   5.3202342e-02
   2.3000000e+01   5.5947655e-01   5.5234302e-03   1.0851542e-01   1.0000000e+00   9.2007697e-02   7.2720331e-01   1.1498434e-01   4.8237798e-01
   2.3000000e+01   5.5847824e-01   3.8742649e-03   1.1824129e-01   1.0000000e+00   9.8655723e-02   6.9234258e-01   1.1845119e-01   4.1802353e-01
   2.4000000e+01   5.5813056e-01   6.0620490e-03   1.1289149e-01   1.0000000e+00   8.7902904e-02   6.9288784e-01   1.0643712e-01   4.1620296e-01
   2.4000000e+01   5.6454760e-01   7.5256927e-03   2.1895304e-01   1.0000000e+00   1.8814141e-01   5.4403740e-01   2.3551753e-01   2.0864210e-01
   2.4000000e+01   5.6030113e-01   6.6580512e-03   1.2604699e-01   1.0000000e+00   1.0856600e-01   6.7178023e-01   1.3188042e-01   3.9893532e-01
   2.4000000e+01   5.5879825e-01   7.0535089e-03   1.3204789e-01   1.0000000e+00   1.1406434e-01   6.8437529e-01   1.3600379e-01   4.1440594e-01
   2.5000000e+01   5.5663240e-01   1.4101699e-02   1.2037554e-01   1.0000000e+00   1.0218143e-01   6.5787292e-01   1.2516569e-01   3.8732132e-01
   2.5000000e+01   5.6218201e-01   8.5999249e-03   2.0905617e-01   1.0000000e+00   1.9768487e-01   4.9236098e-01   2.0693676e-01   1.6281931e-01
   2.5000000e+01   5.6087637e-01   6.6916626e-03   1.5665331e-01   1.0000000e+00   1.3638027e-01   6.5380871e-01   1.6513684e-01   3.5882846e-01
   2.5000000e+01   3.0716574e-01   5.4308288e-03   4.1098852e-02   2.3795711e-01   1.0000000e+00   4.0537274e-01   5.8201510e-01   9.8370276e-02
   2.5000000e+01   5.5962217e-01   7.2292979e-03   1.1857438e-01   1.0000000e+00   1.0898142e-01   6.8920887e-01   1.3680075e-01   4.3900380e-01
   2.5000000e+01   5.6026453e-01   9.6259322e-03   1.3958660e-01   1.0000000e+00   1.2223586e-01   6.5729314e-01   1.2834461e-01   3.6133125e-01
   2.6000000e+01   5.6013739e-01   7.6168040e-03   1.5886988e-01   1.0000000e+00   1.4798467e-01   6.5578496e-01   1.6572349e-01   3.6160138e-01
   2.6000000e+01   5.6108153e-01   8.9408550e-03   1.3939853e-01   1.0000000e+00   1.2342248e-01   6.6981953e-01   1.4117113e-01   3.7739873e-01
   2.6000000e+01   5.5824983e-01   5.2176053e-03   1.3398954e-01   1.0000000e+00   1.1226846e-01   7.0779055e-01   1.3600129e-01   4.5496017e-01
   2.6000000e+01   3.0687144e-01   4.0912475e-03   8.0778345e-02   1.8656501e-01   1.0000000e+00   7.2484881e-01   2.4703526e-01   2.8849038e-01
   2.7000000e+01   5.5810672e-01   5.8190715e-03   1.4085798e-01   1.0000000e+00   1.1944290e-01   6.9095540e-01   1.3625236e-01   4.1906294e-01
   2.7000000e+01   5.6025875e-01   6.5426719e-03   1.3695107e-01   1.0000000e+00   1.1787599e-01   6.7479461e-01   1.4672479e-01   3.9649332e-01
   2.7000000e+01   5.5984420e-01   9.4685303e-03   1.2413643e-01   1.0000000e+00   1.1187929e-01   7.0047283e-01   1.4033389e-01   4.4721168e-01
   2.7000000e+01   5.6109720e-01   5.3850794e-03   1.2093945e-01   1.0000000e+00   1.0165333e-01   6.9744027e-01   1.4292201e-01   4.3930244e-01
   2.8000000e+01   5.6279743e-01   8.3674397e-03   1.5082926e-01   1.0000000e+00   1.2436483e-01   6.5026832e-01   1.5032367e-01   3.7756988e-01
   2.8000000e+01   6.2011951e-01   7.1443049e-03   9.8871994e-01   7.2378851e-02   1.0000000e+00   4.0455684e-02   9.8549026e-01   7.1655974e-02
   2.8000000e+01   5.6116706e-01   7.9502538e-03   1.2781654e-01   1.0000000e+00   1.1728550e-01   6.6503984e-01   1.3308814e-01   3.7701723e-01
   2.8000000e+01   5.5933875e-01   7.6957461e-03   1.3690847e-01   1.0000000e+00   1.3177866e-01   6.5230799e-01   1.5311866e-01   3.4971198e-01
   2.8000000e+01   5.5885613e-01   5.0419760e-03   1.2904541e-01   1.0000000e+00   1.1238358e-01   6.7726886e-01   1.3362652e-01   4.0425768e-01
   2.9000000e+01   5.5984646e-01   6.0074152e-03   1.0460319e-01   1.0000000e+00   1.0664471e-01   6.8012971e-01   1.2358218e-01   4.0022272e-01
   2.9000000e+01   5.6434757e-01   9.3386294e-03   2.2614318e-01   1.0000000e+00   1.9491042e-01   5.9384787e-01   2.0749563e-01   2.8097665e-01
   2.9000000e+01   5.6367797e-01   1.0168884e-02   1.8209256e-01   1.0000000e+00   1.5545821e-01   5.6670928e-01   1.5739883e-01   2.1983132e-01
   2.9000000e+01   5.6021738e-01   9.4034104e-03   1.2945333e-01   1.0000000e+00   1.1380310e-01   6.6471440e-01   1.3252141e-01   3.7948269e-01
   2.9000000e+01   6.1968619e-01   9.5328623e-03   9.8696357e-01   5.9105307e-02   1.0000000e+00   2.1241544e-02   9.7196943e-01   1.5456823e-02
   3.0000000e+01   5.5996573e-01   5.1064705e-03   1.2207027e-01   1.0000000e+00   1.0288750e-01   6.9458115e-01   1.2624203e-01   4.2113122e-01
   3.0000000e+01   3.0706120e-01   3.6287562e-03   3.1935852e-02   2.6246554e-01   1.0000000e+00   4.9001306e-01   4.3952185e-01   9.3761645e-02
   3.0000000e+01   6.1910301e-01   5.4105110e-03   9.9240637e-01   1.8060064e-02   1.0000000e+00   1.6723005e-02   9.8735529e-01   3.0749112e-02
   3.0000000e+01   5.5939627e-01   8.0819884e-03   1.5169990e-01   1.0000000e+00   1.2538536e-01   6.8889922e-01   1.4874034e-01   4.4906247e-01
   3.0000000e+01   3.0707183e-01   3.2302188e-03   5.3353354e-02   2.1800056e-01   1.0000000e+00   5.3483689e-01   3.6500454e-01   6.8316408e-02
   3.1000000e+01   5.6221563e-01   9.7699091e-03   1.3126525e-01   1.0000000e+00   1.1342134e-01   6.5007973e-01   1.4453767e-01   3.4448615e-01
   3.1000000e+01   6.1875749e-01   9.3025500e-03   9.9371642e-01   6.8995409e-02   1.0000000e+00   3.5833057e-02   9.9883723e-01   4.5681078e-02
   3.1000000e+01   6.1851168e-01   3.9202077e-03   9.9441957e-01   6.4204104e-02   1.0000000e+00   2.8271286e-02   9.8992276e-01   2.0075837e-02
   3.1000000e+01   5.6199896e-01   7.8434050e-03   1.2987174e-01   1.0000000e+00   1.0753901e-01   7.3182321e-01   1.3769762e-01   4.7202533e-01
   3.1000000e+01   6.1782581e-01   6.4788326e-03   9.9436218e-01   3.3255745e-02   1.0000000e+00   1.3978963e-02   9.8897809e-01   2.2830382e-02
   3.1000000e+01   6.1705691e-01   5.9747742e-03   9.9083734e-01   5.8044199e-02   1.0000000e+00   1.8606409e-02   9.8662639e-01   1.3395477e-02
   3.2000000e+01   6.1776471e-01   3.9310562e-03   9.9695534e-01   4.8613891e-02   1.0000000e+00   2.6025536e-02   9.9166423e-01   5.9125338e-02
   3.2000000e+01   6.1826152e-01   4.1703871e-03   9.9568063e-01   2.4236498e-02   1.0000000e+00   1.5809270e-02   9.9342453e-01   4.3355983e-02
   3.2000000e+01   6.1894602e-01   1.2372112e-02   9.9773681e-01   4.6966318e-02   1.0000000e+00   1.0276247e-02   9.6959460e-01   3.5990819e-02
   3.2000000e+01   6.1797273e-01   6.7717349e-03   9.9395949e-01   3.7816171e-02   1.0000000e+00   1.3637044e-02   9.9250358e-01   5.5089723e-03
   3.2000000e+01   6.1786497e-01   6.6262907e-03   9.9553514e-01   1.0485431e-01   1.0000000e+00   3.3029981e-02   9.9333662e-01   1.9227147e-02
   3.3000000e+01   6.1753559e-01   6.6569732e-03   9.9871725e-01   3.0351993e-02   1.0000000e+00   2.6475759e-02   9.9078518e-01   4.7616210e-02
   3.3000000e+01   6.1551869e-01   7.3393648e-03   9.8845649e-01   8.6167380e-02   1.0000000e+00   4.0108170e-02   9.8789740e-01   6.8682149e-02
   3.3000000e+01   6.1829352e-01   7.2638523e-03   9.9497437e-01   3.5560213e-02   1.0000000e+00   2.5075804e-02   9.8759407e-01   3.5293404e-02
   3.3000000e+01   6.2042439e-01   6.6446331e-03   1.0000000e+00   4.4157889e-02   9.9943119e-01   3.2200545e-02   9.9528104e-01   2.9113781e-02
   3.3000000e+01   6.1822855e-01   1.0820132e-02   9.8509675e-01   8.8002838e-02   1.0000000e+00   2.5865525e-02   9.9117714e-01   3.7262298e-02
   3.4000000e+01   6.1621207e-01   8.8835182e-03   9.8888516e-01   7.6732047e-02   1.0000000e+00   5.2198593e-02   9.9026155e-01   2.6622005e-02
   3.4000000e+01   6.1753112e-01   6.4676111e-03   9.9640113e-01   7.5107411e-02   1.0000000e+00   2.8948318e-02   9.9358267e-01   9.6638622e-03
   3.4000000e+01   6.1979425e-01   5.4797456e-03   9.9986851e-01   6.2073648e-02   1.0000000e+00   5.3546712e-02   9.9951494e-01   6.9826677e-02
   3.4000000e+01   6.1772013e-01   4.6235602e-03   9.9920398e-01   1.0041191e-02   1.0000000e+00   9.8544639e-03   9.9361682e-01   1.7355567e-02
   3.4000000e+01   6.1864400e-01   6.6209319e-03   1.0000000e+00   1.0557453e-01   9.9425691e-01   5.6136210e-02   9.9675900e-01   3.3543337e-02
   3.4000000e+01   6.1877143e-01   8.2095144e-03   1.0000000e+00   6.0767040e-02   9.9820936e-01   4.1896202e-02   9.9328446e-01   6.0728915e-02
   3.5000000e+01   6.1733866e-01   7.3881438e-03   9.9997205e-01   5.4024640e-02   1.0000000e+00   2.6730612e-02   9.9763829e-01   2.4747033e-02
   3.5000000e+01   6.1785972e-01   4.9935747e-03   9.9775046e-01   4.0042266e-02   1.0000000e+00   1.6966868e-02   9.9110037e-01   2.5512651e-02
   3.5000000e+01   6.1958551e-01   7.2565954e-03   9.9777800e-01   3.0755827e-02   1.0000000e+00   1.5994124e-02   9.9403858e-01   1.6181199e-02
   3.5000000e+01   6.1816067e-01   5.1245936e-03   1.0000000e+00   6.7525059e-02   9.9769604e-01   3.0565714e-02   9.9309236e-01   3.7542801e-02
   3.6000000e+01   6.1849630e-01   4.3855193e-03   9.9268025e-01   6.6663973e-02   1.0000000e+00   1.2973682e-02   9.9286819e-01   5.2193552e-03
   3.6000000e+01   6.1866391e-01   4.3662162e-03   9.9875522e-01   2.9701281e-02   1.0000000e+00   1.9749105e-02   9.9394810e-01   2.8915454e-02
   3.6000000e+01   6.1768508e-01   5.8259591e-03   1.0000000e+00   4.5813218e-02   9.9789548e-01   4.7063231e-02   9.9704337e-01   5.9396483e-02
   3.6000000e+01   6.1907238e-01   5.2859336e-03   9.9604392e-01   2.5616519e-02   1.0000000e+00   1.4144210e-02   9.9020356e-01   1.5526499e-02
   3.6000000e+01   6.2019330e-01   8.1532830e-03   1.0000000e+00   3.7074912e-02   9.9641693e-01   4.3014947e-02   9.9598145e-01   7.5794041e-02
   3.7000000e+01   6.1772823e-01   3.1644886e-03   9.9930751e-01   3.9392218e-02   1.0000000e+00   2.3139933e-02   9.9105370e-01   3.4260258e-02
   3.7000000e+01   6.1863327e-01   7.6353406e-03   9.9707478e-01   5.9949275e-02   1.0000000e+00   3.2343712e-02   9.8935187e-01   4.4662777e-02
   3.7000000e+01   6.1840868e-01   4.3569952e-03   9.9334604e-01   5.6844793e-02   1.0000000e+00   5.5921930e-03   9.8826933e-01   1.7287511e-02
   3.7000000e+01   6.1873209e-01   8.3520841e-03   9.9938196e-01   4.0614776e-02   1.0000000e+00   2.2743801e-02   9.8983765e-01   1.4808293e-02
   3.7000000e+01   6.1806846e-01   5.8397101e-03   9.9352950e-01   4.5164861e-02   1.0000000e+00   3.4672212e-02   9.9041253e-01   3.4759644e-02
   3.7000000e+01   6.1903918e-01   6.9754166e-03   9.9075389e-01   3.6115576e-02   1.0000000e+00   2.7107477e-02   9.9332374e-01   5.0945394e-02
   3.8000000e+01   6.1939847e-01   7.0703486e-03   9.9436855e-01   4.9093511e-02   1.0000000e+00   3.2720588e-02   9.8978597e-01   4.8035640e-02
   3.8000000e+01   6.1861748e-01   7.4053975e-03   9.8236060e-01   3.3450156e-02   1.0000000e+00   4.8716709e-02   9.8494071e-01   2.7376205e-02
   3.8000000e+01   6.1810815e-01   4.5106225e-03   9.9888021e-01   4.9784105e-02   1.0000000e+00   1.9598924e-02   9.9275476e-01   2.3316175e-02
   3.8000000e+01   6.1978990e-01   6.4716828e-03   1.0000000e+00   3.9685860e-02   9.9752945e-01   1.2529859e-02   9.9162245e-01   3.5232376e-02
   3.8000000e+01   6.1986685e-01   4.5968178e-03   9.9324715e-01   3.1959724e-02   1.0000000e+00   1.9102417e-02   9.8821861e-01   3.1911414e-02
   3.9000000e+01   6.1836928e-01   8.0068633e-03   9.8642004e-01   7.4701279e-02   1.0000000e+00   5.6445792e-02   9.9263835e-01   5.2740168e-02
   3.9000000e+01   6.1878371e-01   4.5127035e-03   9.9296135e-01   7.1105950e-02   1.0000000e+00   2.3050210e-02   9.9053657e-01   2.2316106e-02
   3.9000000e+01   3.3297691e-01   6.9481838e-03   4.0498156e-02   2.4783981e-01   5.8193717e-02   1.6987090e-01   3.2960471e-02   1.0000000e+00
   3.9000000e+01   6.2018239e-01   5.7834717e-03   9.9918109e-01   6.2595882e-02   1.0000000e+00   2.8251529e-02   9.9829358e-01   1.5936594e-02
   3.9000000e+01   6.1708331e-01   9.9147437e-03   9.8727781e-01   6.7924477e-02   1.0000000e+00   2.4856869e-02   9.8429608e-01   2.8383417e-02
   4.0000000e+01   6.1878586e-01   2.2929148e-03   9.9475086e-01   4.2341728e-02   1.0000000e+00   1.2065565e-02   9.8938346e-01   3.6014114e-02
   4.0000000e+01   6.1633325e-01   9.6728411e-03   1.0000000e+00   4.7062036e-02   9.9778682e-01   4.8952211e-02   9.8492163e-01   5.1007513e-02
   4.0000000e+01   6.1795145e-01   5.7601202e-03   1.0000000e+00   8.1370473e-02   9.9730670e-01   3.8091425e-02   9.9060506e-01   2.4232892e-02
   4.0000000e+01   6.1742276e-01   5.7870355e-03   1.0000000e+00   6.0324632e-02   9.9804026e-01   2.2304196e-02   9.9431264e-01   1.2336600e-02
   4.0000000e+01   6.8455756e-01   3.7591883e-03   3.0332726e-01   3.9619970e-01   3.1244263e-01   3.7423164e-01   2.8846058e-01   1.0000000e+00
   4.1000000e+01   6.1994714e-01   3.6145947e-03   9.9650204e-01   6.0384527e-02   1.0000000e+00   1.8460236e-02   9.9048942e-01   1.4528745e-02
   4.1000000e+01   6.1663157e-01   2.4213856e-03   9.9065292e-01   2.1414749e-02   1.0000000e+00   2.1523412e-02   9.8988086e-01   4.6551671e-02
   4.1000000e+01   6.1799490e-01   5.2074525e-03   9.9469435e-01   1.2445713e-02   1.0000000e+00   4.6288106e-03   9.8549104e-01   2.7143518e-02
   4.1000000e+01   9.2210573e-01   1.3937185e-03   4.9029306e-02   4.4044770e-02   3.5882422e-01   1.0000000e+00   3.4003225e-01   9.1809332e-03
   4.1000000e+01   6.8553078e-01   5.9201973e-03   2.9619309e-01   4.1061872e-01   3.0313700e-01   3.6513543e-01   2.8159913e-01   1.0000000e+00
   4.2000000e+01   6.2054181e-01   9.1555351e-03   1.0000000e+00   5.9494417e-02   9.9065405e-01   4.2618446e-02   9.8336369e-01   8.5008383e-02
   4.2000000e+01   6.1795503e-01   8.6963987e-03   9.9134552e-01   6.5582246e-02   1.0000000e+00   5.2496269e-02   9.8537236e-01   5.6067571e-02
   4.2000000e+01   6.1872476e-01   4.0505184e-03   9.9827433e-01   5.9917472e-02   1.0000000e+00   1.6339129e-02   9.9532294e-01   3.0961668e-02
   4.3000000e+01   6.1792809e-01   5.7960693e-03   9.9649662e-01   2.8484510e-02   1.0000000e+00   1.3991856e-02   9.9213976e-01   3.2216284e-02
   4.3000000e+01   6.2081379e-01   6.1589032e-03   9.9613458e-01   6.6023849e-02   1.0000000e+00   3.2386161e-02   9.9482381e-01   4.7181461e-02
   4.3000000e+01   6.1793721e-01   4.5686667e-03   9.9283922e-01   2.1415502e-02   1.0000000e+00   2.5327370e-02   9.9001181e-01   4.2303070e-02
   4.3000000e+01   6.1843669e-01   4.7549671e-03   9.9482799e-01   4.3084066e-02   1.0000000e+00   2.9746760e-02   9.9259204e-01   2.0767128e-02
   4.3000000e+01   6.1924857e-01   4.3746005e-03   1.0000000e+00   5.5645082e-02   9.9757415e-01   2.1126827e-02   9.9391246e-01   3.2026239e-02
   4.4000000e+01   6.1982173e-01   7.6002502e-03   9.8954427e-01   6.4342037e-02   1.0000000e+00   2.7709415e-02   9.8883605e-01   1.7501557e-02
   4.4000000e+01   6.1795884e-01   5.4307943e-03   9.8650026e-01   3.9784312e-02   1.0000000e+00   8.9059761e-03   9.8050261e-01   1.8362034e-02
   4.4000000e+01   6.1893266e-01   6.5124799e-03   9.9722719e-01   4.3383509e-02   1.0000000e+00   1.1863168e-02   9.8642355e-01   1.9063864e-02
   4.4000000e+01   6.1830568e-01   3.6815086e-03   9.9629503e-01   5.6609306e-02   1.0000000e+00   2.0243214e-02   9.8826957e-01   1.1807859e-02
   4.4000000e+01   6.1985064e-01   3.4379226e-03   9.9287850e-01   4.6825983e-02   1.0000000e+00   2.7569173e-02   9.8802990e-01   3.9055448e-02
   4.4000000e+01   6.8360049e-01   3.3175400e-03   2.9363424e-01   3.9849162e-01   2.9742914e-01   3.7646261e-01   2.7943912e-01   1.0000000e+00
   4.5000000e+01   6.1898893e-01   2.7710907e-03   9.9512440e-01   4.3959361e-02   1.0000000e+00   7.4351099e-03   9.9190056e-01   3.0441973e-02
   4.5000000e+01   6.1895925e-01   6.4260783e-03   9.9523127e-01   4.6237517e-02   1.0000000e+00   3.5432730e-02   9.9272943e-01   6.2933333e-02
   4.5000000e+01   6.1953723e-01   3.8165997e-03   9.9161929e-01   1.6865272e-02   1.0000000e+00   1.2149882e-02   9.8675352e-01   2.9632889e-02
   4.5000000e+01   6.1811328e-01   6.4347438e-03   1.0000000e+00   3.1158235e-02   9.9868768e-01   1.4811918e-02   9.8863328e-01   2.8119784e-02
   4.5000000e+01   6.1744559e-01   5.3184940e-03   9.9921870e-01   2.2877084e-02   1.0000000e+00   1.7693186e-02   9.9558806e-01   5.0115403e-02
   4.5000000e+01   6.1997074e-01   6.6395360e-03   1.0000000e+00   8.3032891e-02   9.9852496e-01   7.6240688e-03   9.8939264e-01   4.2987972e-02
   4.5000000e+01   6.1699116e-01   3.6030610e-03   9.9614990e-01   2.0778617e-02   1.0000000e+00   6.3280850e-03   9.9254137e-01   1.5905377e-02
   4.6000000e+01   6.1856419e-01   7.0510861e-03   9.8987597e-01   3.7935678e-02   1.0000000e+00   3.1733301e-02   9.9131209e-01   3.6664989e-02
   4.6000000e+01   6.1766374e-01   2.2110024e-03   9.9676466e-01   5.6740209e-02   1.0000000e+00   2.5340725e-02   9.9053431e-01   4.0803432e-02
   4.6000000e+01   6.1920702e-01   4.4403868e-03   9.9759758e-01   5.5093478e-02   1.0000000e+00   4.3509543e-02   9.9236089e-01   5.4451372e-02
   4.6000000e+01   6.1938649e-01   3.8196973e-03   9.9348658e-01   5.3119589e-02   1.0000000e+00   1.5358725e-02   9.8321766e-01   4.2779502e-02
   4.6000000e+01   6.1883962e-01   2.1515072e-03   9.9781245e-01   3.8822461e-02   1.0000000e+00   4.4151657e-04   9.9306607e-01   1.1398433e-02
   4.6000000e+01   6.8392223e-01   2.2124888e-03   2.9058275e-01   3.9993429e-01   2.9603150e-01   3.7075526e-01   2.7785379e-01   1.0000000e+00
   4.7000000e+01   6.1835396e-01   2.8586162e-03   1.0000000e+00   4.2648889e-02   9.9987680e-01   2.0755760e-02   9.9413526e-01   2.7585084e-02
   4.7000000e+01   6.1855125e-01   3.4013425e-03   1.0000000e+00   6.6523597e-02   9.9933171e-01   1.4923155e-02   9.9448311e-01   1.0927151e-02
   4.7000000e+01   6.1790901e-01   6.0464861e-03   9.9645215e-01   2.6233330e-02   1.0000000e+00   2.4872765e-02   9.9153358e-01   6.5041870e-02
   4.7000000e+01   6.1837959e-01   5.1958482e-03   1.0000000e+00   6.5163940e-02   9.9101895e-01   1.2801636e-02   9.8562777e-01   2.4683069e-02
   4.7000000e+01   6.1849141e-01   5.6615211e-03   1.0000000e+00   4.9916595e-02   9.9998373e-01   1.5691666e-02   9.9623352e-01   8.5272603e-02
   4.7000000e+01   6.1824793e-01   5.4938388e-03   9.9997485e-01   3.7471119e-02   1.0000000e+00   8.1070773e-03   9.9626076e-01   1.0727821e-02
   4.8000000e+01   6.1922252e-01   4.4168504e-03   9.9786431e-01   8.3846161e-03   1.0000000e+00   4.3353856e-02   9.8824036e-01   6.4713314e-02
   4.8000000e+01   6.1854368e-01   2.6416734e-03   1.0000000e+00   4.4812556e-02   9.9912584e-01   1.4350208e-02   9.8758388e-01   2.1934573e-02
   4.8000000e+01   6.1980188e-01   5.2488181e-03   9.9731994e-01   3.9492741e-02   1.0000000e+00   2.5716858e-02   9.9694180e-01   4.6874549e-02
   4.8000000e+01   6.2062049e-01   4.0866472e-03   1.0000000e+00   5.5648759e-02   9.9958992e-01   1.4908767e-02   9.8974335e-01   1.2003808e-02
   4.9000000e+01   6.1906564e-01   3.9270232e-03   9.9744755e-01   4.2283934e-02   1.0000000e+00   1.8969862e-02   9.8798448e-01   2.9999262e-02
   4.9000000e+01   6.8450487e-01   1.9292630e-03   2.9932475e-01   3.9837372e-01   3.0750996e-01   3.7391627e-01   2.8532058e-01   1.0000000e+00
   4.9000000e+01   6.1940062e-01   6.2062223e-03   9.9276429e-01   4.9348705e-02   1.0000000e+00   1.4216009e-02   9.9100935e-01   7.7913101e-03
   4.9000000e+01   6.1790687e-01   5.3657521e-03   9.9565989e-01   4.1497942e-02   1.0000000e+00   9.2940377e-03   9.8536044e-01   1.8153034e-02
   4.9000000e+01   5.6021142e-01   8.1671886e-03   1.5343498e-01   1.0000000e+00   1.2925692e-01   6.6141671e-01   1.5831378e-01   3.7079740e-01
   5.0000000e+01   6.1692631e-01   5.7416209e-03   9.9660408e-01   6.7392662e-02   1.0000000e+00   4.2888418e-02   9.8970801e-01   3.2360319e-02
   5.0000000e+01   6.1935735e-01   5.0715301e-03   9.9689573e-01   7.2181575e-02   1.0000000e+00   3.7768617e-02   9.9479395e-01   2.5721442e-02
   5.1000000e+01   6.1856329e-01   7.7778562e-03   9.9532354e-01   2.9152401e-02   1.0000000e+00   2.4562323e-02   9.9609321e-01   5.4415159e-02
   5.1000000e+01   6.1957121e-01   8.0263726e-03   9.9063230e-01   6.5153956e-02   9.9735785e-01   2.7468817e-02   1.0000000e+00   6.3090868e-02
   5.1000000e+01   6.2027150e-01   5.2150353e-03   9.9566978e-01   2.2053579e-02   1.0000000e+00   4.1731607e-02   9.8652244e-01   6.3772589e-02
   5.2000000e+01   6.2009639e-01   6.6137956e-03   9.9657631e-01   7.0315272e-02   1.0000000e+00   3.4000613e-02   9.9028844e-01   4.2779196e-02
   5.2000000e+01   6.1797482e-01   5.3016832e-03   9.9239290e-01   7.2517335e-02   1.0000000e+00   2.6714666e-02   9.8271734e-01   2.3614956e-02
   5.2000000e+01   6.1923420e-01   6.9631813e-03   9.9883360e-01   3.5261866e-02   1.0000000e+00   3.3872526e-02   9.9300915e-01   6.4198911e-02
   5.3000000e+01   6.1975878e-01   4.2642090e-03   9.9794477e-01   3.7344601e-02   1.0000000e+00   1.7375099e-02   9.9153244e-01   3.5657953e-02
   5.3000000e+01   6.8561453e-01   2.3998707e-03   2.9907417e-01   3.9434269e-01   3.0626521e-01   3.7251776e-01   2.8502488e-01   1.0000000e+00
   5.3000000e+01   6.1772364e-01   3.1060358e-03   9.9910200e-01   9.1013074e-02   1.0000000e+00   4.0538497e-02   9.9024504e-01   2.3162812e-02
   5.3000000e+01   6.1819470e-01   3.9794669e-03   9.9992287e-01   1.5073625e-02   1.0000000e+00   2.8261889e-02   9.9195439e-01   5.6549683e-02
   5.4000000e+01   6.1878324e-01   6.8325158e-03   9.8728395e-01   4.7962729e-02   1.0000000e+00   2.3427000e-02   9.8366970e-01   3.3247638e-02
   5.4000000e+01   6.1839104e-01   5.3485711e-03   9.9279100e-01   2.0750945e-02   1.0000000e+00   2.1460280e-02   9.8376447e-01   5.7200026e-02
   5.4000000e+01   6.1920595e-01   4.3004169e-03   9.9746424e-01   5.4250255e-02   1.0000000e+00   3.9901040e-02   9.8635232e-01   4.7807492e-02
   5.4000000e+01   6.1798489e-01   4.3896651e-03   9.9344575e-01   3.6238659e-02   1.0000000e+00   2.0761469e-02   9.9414444e-01   4.0893197e-02
   5.4000000e+01   6.1722732e-01   3.8014371e-03   1.0000000e+00   3.8651314e-02   9.9958360e-01   2.7836008e-02   9.9127626e-01   3.8879853e-02
   5.4000000e+01   6.1769950e-01   2.3551274e-03   9.9669731e-01   6.0335107e-02   1.0000000e+00   4.9113818e-02   9.9129480e-01   5.7082552e-02
   5.4000000e+01   6.1802089e-01   5.6541772e-03   9.9877387e-01   2.0359293e-02   1.0000000e+00   1.3539464e-02   9.9350291e-01   1.8734159e-02
   5.5000000e+01   5.5991864e-01   4.0270556e-03   1.3984449e-01   1.0000000e+00   1.2861396e-01   6.7659032e-01   1.5123601e-01   3.9937171e-01
   5.5000000e+01   6.1767858e-01   4.3819090e-03   9.9772978e-01   4.3308351e-02   1.0000000e+00   1.9728476e-02   9.9040693e-01   2.5572635e-02
   5.5000000e+01   6.1813098e-01   6.9124396e-03   9.8869425e-01   6.9572128e-02   1.0000000e+00   4.1077346e-02   9.8735809e-01   3.7790064e-02
   5.5000000e+01   6.1906987e-01   4.2328853e-03   9.9347740e-01   3.2993741e-02   1.0000000e+00   2.3319263e-02   9.8883218e-01   4.7160380e-02
   5.5000000e+01   6.1932838e-01   5.6301099e-03   1.0000000e+00   2.2317190e-02   9.9957216e-01   2.0965174e-02   9.9663854e-01   2.3909178e-02
   5.5000000e+01   6.1921370e-01   5.7604974e-03   1.0000000e+00   6.9119059e-02   9.9628878e-01   2.2498788e-02   9.8570955e-01   2.9659696e-02
   5.5000000e+01   5.5997247e-01   7.4273366e-03   1.2509686e-01   1.0000000e+00   1.1497052e-01   6.7837691e-01   1.3817145e-01   3.8142350e-01
   5.6000000e+01   6.1895871e-01   5.9631402e-03   9.9116933e-01   5.6333885e-02   1.0000000e+00   4.0343046e-02   9.8693246e-01   4.3905459e-02
   5.6000000e+01   6.1931598e-01   5.4288064e-03   9.9762815e-01   7.0488580e-02   1.0000000e+00   1.0454514e-02   9.8854417e-01   4.9567156e-02
   5.7000000e+01   6.1942518e-01   4.9098413e-03   9.9779433e-01   5.5973399e-02   1.0000000e+00   3.5000000e-02   9.9319458e-01   4.3515991e-02
   5.7000000e+01   6.2018728e-01   5.4788883e-03   9.9916190e-01   6.0583107e-02   1.0000000e+00   2.5440067e-02   9.8851055e-01   1.5916940e-02
   5.8000000e+01   6.1931556e-01   8.9459829e-03   9.9934763e-01   2.3462871e-02   1.0000000e+00   2.1009628e-02   9.9454743e-01   2.3103258e-02
   5.8000000e+01   6.8358111e-01   4.4035390e-03   3.0936071e-01   3.9153937e-01   3.1742305e-01   3.8085160e-01   2.9866374e-01   1.0000000e+00
   5.8000000e+01   6.1974418e-01   5.7925698e-03   9.9396199e-01   3.6138359e-02   1.0000000e+00   3.2883924e-02   9.9562043e-01   2.2508996e-02
   5.8000000e+01   6.1871916e-01   6.4170193e-03   9.9322200e-01   5.8418699e-02   1.0000000e+00   1.4203405e-02   9.8626602e-01   3.1139083e-02
   5.8000000e+01   6.1674237e-01   1.0806844e-02   9.8710573e-01   4.0215962e-02   1.0000000e+00   3.8788315e-02   9.6990991e-01   2.6655534e-02
   5.8000000e+01   6.1899185e-01   4.3491791e-03   9.9615681e-01   5.7987537e-02   1.0000000e+00   5.6038960e-03   9.9700230e-01   3.1436317e-02
   5.9000000e+01   6.1903459e-01   4.9234335e-03   9.9430621e-01   5.0034251e-02   1.0000000e+00   1.7520988e-02   9.8380816e-01   4.5177374e-02
   5.9000000e+01   6.2006402e-01   3.5153721e-03   9.9564511e-01   5.2212697e-02   1.0000000e+00   4.7318142e-02   9.8682451e-01   6.4486690e-02
   5.9000000e+01   6.1892641e-01   3.3713039e-03   9.9628562e-01   1.9093987e-02   1.0000000e+00   1.6086977e-03   9.9409562e-01   2.8521637e-02
   6.0000000e+01   6.8489975e-01   3.1558054e-03   2.9464206e-01   3.9546052e-01   3.0235380e-01   3.7218451e-01   2.7674958e-01   1.0000000e+00
   6.0000000e+01   6.1917627e-01   4.8878216e-03   9.9298620e-01   2.7940566e-02   1.0000000e+00   1.3141902e-02   9.8775005e-01   2.1794932e-02
   6.1000000e+01   6.1772239e-01   4.2397436e-03   9.9312091e-01   6.2158123e-02   1.0000000e+00   4.4973727e-02   9.8427069e-01   4.0015347e-02
   6.1000000e+01   6.8432051e-01   3.4232226e-03   3.0744755e-01   3.9936334e-01   3.1224707e-01   3.7178993e-01   2.9556444e-01   1.0000000e+00
   6.1000000e+01   5.5940801e-01   7.5128628e-03   1.2904663e-01   1.0000000e+00   1.1338159e-01   6.6759372e-01   1.3598883e-01   3.8201940e-01
   6.1000000e+01   5.5944651e-01   4.1582501e-03   1.4279024e-01   1.0000000e+00   1.2900452e-01   6.9375402e-01   1.4851287e-01   4.1090512e-01
   6.2000000e+01   6.1895746e-01   4.7398084e-03   9.9663842e-01   7.4029304e-02   1.0000000e+00   4.4538308e-02   9.9435675e-01   5.1436879e-02
   6.2000000e+01   6.8400139e-01   2.8380146e-03   2.8428766e-01   3.9801255e-01   2.9209471e-01   3.7345687e-01   2.6832873e-01   1.0000000e+00
   6.2000000e+01   6.8395305e-01   3.6631364e-03   2.9567730e-01   4.0252787e-01   3.0322298e-01   3.6943051e-01   2.7976936e-01   1.0000000e+00
   6.2000000e+01   6.1897266e-01   6.2589315e-03   9.9922037e-01   5.9847713e-02   1.0000000e+00   3.9248891e-02   9.9254787e-01   3.5930108e-02
   6.2000000e+01   6.8351680e-01   6.4126644e-03   2.9641718e-01   3.8410959e-01   3.0158797e-01   3.7655145e-01   2.8028908e-01   1.0000000e+00
   6.3000000e+01   6.8491352e-01   5.6180484e-03   2.9333636e-01   3.8825503e-01   3.0163512e-01   3.7469545e-01   2.7312174e-01   1.0000000e+00
   6.3000000e+01   6.8367869e-01   2.9559978e-03   2.8762171e-01   3.9787745e-01   2.9231676e-01   3.7901860e-01   2.7332368e-01   1.0000000e+00
   6.3000000e+01   6.8367970e-01   3.9349128e-03   2.8990766e-01   4.1054174e-01   3.0195498e-01   3.7099651e-01   2.7705494e-01   1.0000000e+00
   6.4000000e+01   6.8473858e-01   4.9781697e-03   2.9583952e-01   4.0489280e-01   3.0251199e-01   3.7335312e-01   2.8653142e-01   1.0000000e+00
   6.4000000e+01   6.8558002e-01   8.5099954e-03   3.0066356e-01   3.9353231e-01   3.0400410e-01   3.7289414e-01   2.8238812e-01   1.0000000e+00
   6.4000000e+01   6.8504947e-01   3.7147116e-03   2.8892866e-01   3.9597073e-01   2.9775333e-01   3.6773938e-01   2.7806386e-01   1.0000000e+00
   6.5000000e+01   6.8389124e-01   2.8359010e-03   2.9373658e-01   3.9515600e-01   3.0083686e-01   3.7401560e-01   2.8092656e-01   1.0000000e+00
   6.5000000e+01   6.8247992e-01   3.8512724e-03   3.0178446e-01   4.0087986e-01   3.0851936e-01   3.6919355e-01   2.8856403e-01   1.0000000e+00
   6.5000000e+01   6.8476593e-01   4.7467109e-03   3.1955013e-01   4.0405408e-01   3.2529190e-01   3.7109679e-01   3.0811134e-01   1.0000000e+00
   6.5000000e+01   6.8344039e-01   4.6843607e-03   2.9778039e-01   3.9764312e-01   3.0628231e-01   3.7247208e-01   2.8303540e-01   1.0000000e+00
   6.5000000e+01   6.8353099e-01   4.5986017e-03   2.9764593e-01   3.9231363e-01   3.0224404e-01   3.7264961e-01   2.7361149e-01   1.0000000e+00
   6.6000000e+01   6.8419719e-01   6.5677520e-03   2.8777781e-01   4.1009444e-01   2.9852182e-01   3.6199373e-01   2.7421811e-01   1.0000000e+00
   6.6000000e+01   6.8232334e-01   6.7901937e-03   3.1026599e-01   4.1762590e-01   3.1537428e-01   3.5328102e-01   2.9680517e-01   1.0000000e+00
   6.6000000e+01   6.8330455e-01   6.6349586e-03   3.1601077e-01   4.0118697e-01   3.2527441e-01   3.7432387e-01   3.0423367e-01   1.0000000e+00
   6.6000000e+01   6.8373197e-01   4.9973489e-03   3.0417261e-01   3.9138335e-01   3.1415832e-01   3.7825203e-01   2.9194996e-01   1.0000000e+00
   6.7000000e+01   6.8513674e-01   6.8231188e-03   2.8287885e-01   3.8718900e-01   2.9290834e-01   3.8185084e-01   2.7070835e-01   1.0000000e+00
   6.7000000e+01   6.8258548e-01   4.2799688e-03   2.9283729e-01   4.0406841e-01   3.0291992e-01   3.6584672e-01   2.7765444e-01   1.0000000e+00
   6.7000000e+01   6.8444753e-01   4.8958692e-03   2.9074851e-01   4.0634876e-01   2.9426900e-01   3.6910495e-01   2.7443218e-01   1.0000000e+00
   6.7000000e+01   6.8617260e-01   6.6379239e-03   2.9370642e-01   3.8697913e-01   3.0011967e-01   3.8693038e-01   2.9033852e-01   1.0000000e+00
   6.7000000e+01   6.8436229e-01   4.9773525e-03   3.0544496e-01   4.0613690e-01   3.1194785e-01   3.7370032e-01   2.9290691e-01   1.0000000e+00
   6.8000000e+01   6.8346465e-01   6.2972913e-03   3.1037480e-01   3.9262107e-01   3.2007784e-01   3.8536716e-01   3.0444464e-01   1.0000000e+00
   6.8000000e+01   6.8381798e-01   5.8622998e-03   2.9504567e-01   3.9899623e-01   3.0077004e-01   3.7410834e-01   2.8181559e-01   1.0000000e+00
   6.8000000e+01   6.8306506e-01   5.1276735e-03   2.7832037e-01   3.8930008e-01   2.8881150e-01   3.7395513e-01   2.6229382e-01   1.0000000e+00
   6.9000000e+01   9.2322773e-01   2.9502010e-03   1.0580448e-02   1.4612791e-01   8.2047266e-01   1.0000000e+00   2.2806770e-01   1.6427938e-02
   6.9000000e+01   6.8425322e-01   2.7981035e-03   2.9665384e-01   3.9881828e-01   3.0356830e-01   3.7339509e-01   2.8332174e-01   1.0000000e+00
   6.9000000e+01   6.8387979e-01   5.4692342e-03   3.0310267e-01   3.9241639e-01   3.1238130e-01   3.7712944e-01   2.9121467e-01   1.0000000e+00
   7.0000000e+01   6.8318444e-01   5.0421464e-03   2.9946899e-01   3.9046195e-01   3.1071407e-01   3.7960544e-01   2.8795570e-01   1.0000000e+00
   7.0000000e+01   6.8565756e-01   4.6525486e-03   3.0893749e-01   3.8882440e-01   3.1573355e-01   3.7487417e-01   2.9331532e-01   1.0000000e+00
   7.0000000e+01   6.8499577e-01   3.0390653e-03   2.9809251e-01   3.9622045e-01   3.0669621e-01   3.7691468e-01   2.8539854e-01   1.0000000e+00
   7.1000000e+01   6.8525076e-01   2.4081147e-03   3.0239451e-01   3.9638305e-01   3.0948722e-01   3.7193936e-01   2.8561792e-01   1.0000000e+00
   7.1000000e+01   6.8343043e-01   4.1251308e-03   2.7587172e-01   3.9742568e-01   2.8630164e-01   3.7757027e-01   2.6238054e-01   1.0000000e+00
   7.2000000e+01   6.8384707e-01   4.9618171e-03   3.0170697e-01   4.0350449e-01   3.0410805e-01   3.6772558e-01   2.8271744e-01   1.0000000e+00
   7.2000000e+01   6.8460941e-01   3.5774829e-03   3.0078858e-01   3.9959171e-01   3.0824360e-01   3.7298658e-01   2.8490567e-01   1.0000000e+00
   7.2000000e+01   6.8565321e-01   6.3302577e-03   2.8622231e-01   3.7523973e-01   2.9926708e-01   3.8309076e-01   2.7818358e-01   1.0000000e+00
   7.2000000e+01   6.8369573e-01   2.2376024e-03   3.0124113e-01   3.9185968e-01   3.1140885e-01   3.7584114e-01   2.8914315e-01   1.0000000e+00
   7.3000000e+01   6.8445325e-01   3.0738642e-03   2.8479743e-01   3.8326085e-01   2.9188737e-01   3.7979108e-01   2.7204040e-01   1.0000000e+00
   7.3000000e+01   9.2350596e-01   4.2648045e-03   3.1467661e-02   1.1628980e-01   5.6639868e-01   1.0000000e+00   2.5474873e-01   4.1666038e-02
   7.3000000e+01   6.8499815e-01   2.4076174e-03   3.0009088e-01   3.9797238e-01   3.0574545e-01   3.7531748e-01   2.8344673e-01   1.0000000e+00
   7.4000000e+01   6.8408430e-01   6.9918553e-03   3.1346861e-01   4.0125334e-01   3.0673200e-01   3.6917031e-01   2.8319383e-01   1.0000000e+00
   7.4000000e+01   5.5888885e-01   7.0598274e-03   1.4071980e-01   1.0000000e+00   1.1951324e-01   6.9055885e-01   1.4265253e-01   4.2143387e-01
   7.4000000e+01   6.8463504e-01   4.5591956e-03   3.0359909e-01   4.1749161e-01   2.9911390e-01   3.6644179e-01   2.8351820e-01   1.0000000e+00
   7.4000000e+01   6.8433595e-01   4.2326720e-03   2.9651508e-01   4.0651110e-01   3.0193478e-01   3.7126300e-01   2.8528145e-01   1.0000000e+00
   7.4000000e+01   6.8420565e-01   4.8814053e-03   3.0816126e-01   4.2260271e-01   2.9636815e-01   3.5749626e-01   3.0053484e-01   1.0000000e+00
   7.5000000e+01   6.8553442e-01   5.1824222e-03   3.2104814e-01   3.9611709e-01   3.2829797e-01   3.7455040e-01   3.0636263e-01   1.0000000e+00
   7.5000000e+01   6.8297738e-01   5.0717252e-03   3.1107375e-01   3.9476967e-01   3.2297325e-01   3.7669942e-01   2.9479834e-01   1.0000000e+00
   7.5000000e+01   9.2155266e-01   3.0571315e-03   3.4912515e-02   7.8302935e-02   5.2206749e-01   1.0000000e+00   2.9521033e-01   4.8326246e-02
   7.5000000e+01   6.8440521e-01   7.7392310e-03   2.9770699e-01   4.0074313e-01   3.0321154e-01   3.6896840e-01   2.8773558e-01   1.0000000e+00
   7.6000000e+01   6.8282318e-01   4.2069191e-03   2.9262611e-01   3.9140072e-01   3.0181685e-01   3.7837258e-01   2.7687302e-01   1.0000000e+00
   7.6000000e+01   6.8422967e-01   5.0881756e-03   2.8618667e-01   3.9316687e-01   2.8894657e-01   3.7646219e-01   2.7114934e-01   1.0000000e+00
   7.6000000e+01   6.8478203e-01   2.1967143e-03   3.0563506e-01   3.9679542e-01   3.1392443e-01   3.7216029e-01   2.8900224e-01   1.0000000e+00
   7.6000000e+01   6.8303859e-01   3.8415841e-03   2.9691750e-01   4.0439644e-01   3.0377614e-01   3.6832076e-01   2.8299028e-01   1.0000000e+00
   7.6000000e+01   6.8290055e-01   3.1876625e-03   3.0492702e-01   4.0211612e-01   3.1207258e-01   3.7112489e-01   2.9032812e-01   1.0000000e+00
   7.7000000e+01   6.8454850e-01   3.9331624e-03   2.8091502e-01   4.0558401e-01   2.8694782e-01   3.7031102e-01   2.6683155e-01   1.0000000e+00
   7.7000000e+01   6.8371361e-01   4.0996945e-03   2.9866788e-01   3.9689627e-01   3.0543265e-01   3.7705097e-01   2.8545842e-01   1.0000000e+00
   7.7000000e+01   6.8415260e-01   2.3037570e-03   3.0189839e-01   3.8102475e-01   3.0763614e-01   3.8086316e-01   2.8599927e-01   1.0000000e+00
   7.7000000e+01   6.8386209e-01   4.8933262e-03   3.0488065e-01   3.9371967e-01   3.1624720e-01   3.7157643e-01   2.9243955e-01   1.0000000e+00
   7.8000000e+01   6.8329847e-01   6.2545999e-03   3.0205745e-01   4.0518233e-01   3.0784586e-01   3.7117231e-01   2.8798547e-01   1.0000000e+00
   7.8000000e+01   6.8420899e-01   3.2986498e-03   2.9465714e-01   4.0442878e-01   2.9859295e-01   3.7012079e-01   2.8149578e-01   1.0000000e+00
   7.8000000e+01   6.8417722e-01   5.6882272e-03   2.8989205e-01   3.8450900e-01   2.9781565e-01   3.7803811e-01   2.7670896e-01   1.0000000e+00
   7.8000000e+01   6.8344593e-01   3.3815969e-03   2.8657866e-01   3.8916627e-01   2.9315561e-01   3.7854740e-01   2.6893869e-01   1.0000000e+00
   7.9000000e+01   9.2122650e-01   5.5266952e-04   2.8153800e-03   9.2023417e-02   2.1767797e-01   1.0000000e+00   3.4579608e-01   1.7288985e-02
   7.9000000e+01   6.8505561e-01   3.8078190e-03   2.8428182e-01   3.8750917e-01   2.8857166e-01   3.8007343e-01   2.6939139e-01   1.0000000e+00
   7.9000000e+01   9.2156780e-01   1.3986798e-03   4.6226843e-03   6.8992727e-02   3.0044207e-01   1.0000000e+00   2.8733915e-01   1.5308969e-02
   7.9000000e+01   6.8468177e-01   4.4478551e-03   2.8302726e-01   3.9250565e-01   2.9492900e-01   3.7638417e-01   2.6788855e-01   1.0000000e+00
   8.0000000e+01   6.8440717e-01   4.0975800e-03   3.0934811e-01   4.0260097e-01   3.0234987e-01   3.7471384e-01   2.7487168e-01   1.0000000e+00
   8.0000000e+01   6.8396294e-01   2.3258787e-03   2.9771739e-01   3.9878604e-01   3.0669934e-01   3.7141824e-01   2.8402546e-01   1.0000000e+00
   8.0000000e+01   6.8432665e-01   8.6050276e-03   2.9779392e-01   4.0673050e-01   3.0938765e-01   3.6942944e-01   2.8365922e-01   1.0000000e+00
   8.0000000e+01   6.8216592e-01   5.1449081e-03   3.0157200e-01   3.7949327e-01   3.1134981e-01   3.7012720e-01   2.7355695e-01   1.0000000e+00
   8.1000000e+01   6.8473607e-01   8.0958912e-03   3.1296113e-01   4.8038489e-01   2.8684971e-01   3.7595537e-01   2.8491902e-01   1.0000000e+00
   8.1000000e+01   6.8615520e-01   2.9706033e-03   3.0272728e-01   4.0113083e-01   3.0624726e-01   3.6997864e-01   2.8729874e-01   1.0000000e+00
   8.1000000e+01   6.8393433e-01   5.4592472e-03   2.9479647e-01   3.8746879e-01   3.0477303e-01   3.8414022e-01   2.8344285e-01   1.0000000e+00
   8.1000000e+01   6.8427968e-01   2.8880620e-03   3.0712628e-01   4.0261355e-01   3.1722522e-01   3.7081066e-01   2.9210180e-01   1.0000000e+00
   8.2000000e+01   6.8347198e-01   4.0793526e-03   2.9192266e-01   3.9897242e-01   2.9823199e-01   3.7188888e-01   2.7794361e-01   1.0000000e+00
   8.2000000e+01   9.2250687e-01   3.0250289e-03   3.4501705e-02   5.5016577e-02   5.4562515e-01   1.0000000e+00   5.5645045e-02   2.1521866e-02
   8.2000000e+01   6.8458277e-01   5.9319944e-03   2.9462394e-01   3.9426991e-01   3.0348060e-01   3.7586898e-01   2.8339174e-01   1.0000000e+00
   8.2000000e+01   6.8319023e-01   2.2859545e-03   3.0840075e-01   3.9720172e-01   3.1212240e-01   3.7677446e-01   2.9542327e-01   1.0000000e+00
   8.3000000e+01   6.8377149e-01   7.3181381e-03   2.8267884e-01   3.6763877e-01   2.8517178e-01   3.8938761e-01   2.6786211e-01   1.0000000e+00
   8.3000000e+01   6.8485814e-01   5.8955285e-03   3.3878186e-01   4.2032877e-01   3.3314255e-01   3.4824994e-01   2.9220068e-01   1.0000000e+00
   8.3000000e+01   6.8533343e-01   2.4888876e-03   3.0370340e-01   4.0794104e-01   3.1278476e-01   3.7089592e-01   2.9102296e-01   1.0000000e+00
   8.4000000e+01   6.8398422e-01   4.1072178e-03   3.0281258e-01   3.9298007e-01   3.1011608e-01   3.7493303e-01   2.9256532e-01   1.0000000e+00
   8.4000000e+01   6.8376207e-01   3.8460384e-03   2.9368788e-01   3.9211398e-01   2.9046932e-01   3.7595269e-01   2.6098952e-01   1.0000000e+00
   8.4000000e+01   9.2346472e-01   2.0123469e-03   1.2240712e-02   5.4326516e-02   7.8273791e-01   1.0000000e+00   2.9595047e-01   1.4707359e-02
   8.4000000e+01   9.2262727e-01   2.7396220e-03   5.3910055e-04   3.3818953e-02   1.0000000e+00   9.7313243e-01   2.8392452e-01   2.6716696e-02
   8.5000000e+01   6.8461061e-01   4.1574668e-03   2.9532212e-01   3.9127815e-01   3.0364159e-01   3.7709481e-01   2.8313446e-01   1.0000000e+00
   8.5000000e+01   6.8334073e-01   3.4593882e-03   2.9736364e-01   4.0079510e-01   3.0459961e-01   3.7252188e-01   2.8358930e-01   1.0000000e+00
   8.5000000e+01   9.2292291e-01   3.9297356e-03   2.8096968e-02   7.6001234e-02   1.0000000e+00   8.8613170e-01   4.4563913e-01   1.5517951e-02
   8.5000000e+01   6.8362480e-01   2.6164416e-03   2.9394901e-01   3.9335069e-01   3.0038223e-01   3.7455937e-01   2.7655587e-01   1.0000000e+00
   8.5000000e+01   6.8380129e-01   3.5406817e-03   2.9282451e-01   4.0714327e-01   3.0073163e-01   3.6757058e-01   2.7262643e-01   1.0000000e+00
   8.6000000e+01   6.1671722e-01   1.1257503e-02   9.8792320e-01   9.4010681e-02   1.0000000e+00   9.1669545e-02   9.8671812e-01   8.0422223e-02
   8.6000000e+01   6.8400353e-01   3.7456832e-03   2.8109172e-01   3.8216498e-01   2.8540829e-01   3.8656795e-01   2.7032095e-01   1.0000000e+00
   8.6000000e+01   6.8498784e-01   2.8662377e-03   2.8645498e-01   3.9317232e-01   2.9417387e-01   3.7676337e-01   2.7298605e-01   1.0000000e+00
   8.6000000e+01   6.8534869e-01   8.0118515e-03   2.9830119e-01   3.7961531e-01   3.1275904e-01   3.7468278e-01   2.8965411e-01   1.0000000e+00
   8.7000000e+01   9.2295963e-01   2.8579130e-03   4.1846614e-03   1.0162889e-01   9.6338826e-01   1.0000000e+00   2.5003934e-01   5.5997416e-02
   8.7000000e+01   6.8250012e-01   6.2404303e-03   3.0441147e-01   4.0703586e-01   3.0402797e-01   3.9310801e-01   3.0100226e-01   1.0000000e+00
   8.7000000e+01   6.8361491e-01   4.0676822e-03   2.9541886e-01   3.9621422e-01   3.0619746e-01   3.7697449e-01   2.8229496e-01   1.0000000e+00
   8.7000000e+01   6.8274248e-01   9.0178261e-03   3.0086732e-01   4.4085762e-01   3.2963237e-01   3.5326535e-01   2.9883307e-01   1.0000000e+00
   8.8000000e+01   6.8341666e-01   4.6817297e-03   2.9433951e-01   4.2336681e-01   3.0012581e-01   3.6160746e-01   2.7516687e-01   1.0000000e+00
   8.8000000e+01   6.8528408e-01   3.5060549e-03   3.1477770e-01   3.8934672e-01   3.1640524e-01   3.7605682e-01   3.0119845e-01   1.0000000e+00
   8.8000000e+01   9.2237520e-01   3.2213777e-03   5.8502350e-02   1.2273461e-01   8.6853284e-01   1.0000000e+00   4.4745585e-01   2.9285178e-02
   8.8000000e+01   6.8538660e-01   3.8230235e-03   2.9851079e-01   3.9964041e-01   3.0897278e-01   3.7088993e-01   2.8206649e-01   1.0000000e+00
   8.9000000e+01   6.8473881e-01   3.6925999e-03   3.0091885e-01   4.0992743e-01   3.2065940e-01   3.6615312e-01   2.8331465e-01   1.0000000e+00
   8.9000000e+01   6.8390018e-01   4.1060615e-03   2.8515634e-01   4.0056676e-01   2.9265991e-01   3.6831135e-01   2.6992345e-01   1.0000000e+00
   8.9000000e+01   6.8469363e-01   4.6349238e-03   2.6923692e-01   4.0976942e-01   2.7344745e-01   3.6925569e-01   2.5719866e-01   1.0000000e+00
   8.9000000e+01   6.8467975e-01   3.8868182e-03   3.0494374e-01   4.1140431e-01   3.0874684e-01   3.7177247e-01   2.8969985e-01   1.0000000e+00
   8.9000000e+01   4.6040936e+00   2.4260851e-03   1.0000000e+00   2.6772186e-02   2.7460126e-02   2.9783210e-02   8.2429340e-03   1.1634559e-02
   9.0000000e+01   6.8292266e-01   7.2811428e-03   3.1641805e-01   4.3466002e-01   3.2453805e-01   3.7484887e-01   2.9242778e-01   1.0000000e+00
   9.0000000e+01   6.8213385e-01   5.3034001e-03   3.2241726e-01   4.1255459e-01   3.2806993e-01   3.6833826e-01   3.0733597e-01   1.0000000e+00
   9.0000000e+01   9.2277956e-01   2.8157565e-03   1.6534247e-02   9.8777398e-02   2.0387810e-01   1.0000000e+00   2.4206868e-01   2.0788018e-02
   9.0000000e+01   6.1686236e-01   4.8140758e-03   9.9316096e-01   4.8426636e-02   1.0000000e+00   1.5137188e-02   9.8709559e-01   8.9034699e-03
   9.0000000e+01   6.8418336e-01   2.7926133e-03   2.9354280e-01   4.0328190e-01   2.9869854e-01   3.7000957e-01   2.7657053e-01   1.0000000e+00
   9.1000000e+01   6.8447995e-01   3.5917554e-03   3.0139086e-01   4.1165096e-01   3.0868003e-01   3.6845064e-01   2.8988150e-01   1.0000000e+00
   9.1000000e+01   6.8228924e-01   8.5935974e-03   3.0747619e-01   4.2013863e-01   2.8410715e-01   3.2652277e-01   2.8583202e-01   1.0000000e+00
   9.1000000e+01   6.8388700e-01   3.8486395e-03   2.9261950e-01   4.0435919e-01   3.0598268e-01   3.6971268e-01   2.7536896e-01   1.0000000e+00
   9.1000000e+01   6.8279558e-01   6.3742413e-03   2.8064886e-01   4.0796736e-01   2.8095514e-01   3.6665708e-01   2.6911506e-01   1.0000000e+00
   9.1000000e+01   6.1927187e-01   5.9732744e-03   9.9361396e-01   1.6654201e-02   1.0000000e+00   1.7952817e-02   9.9531871e-01   4.6316706e-02
   9.2000000e+01   6.8398440e-01   6.0410188e-03   2.7568215e-01   3.9439729e-01   2.8537840e-01   3.7274778e-01   2.6343763e-01   1.0000000e+00
   9.2000000e+01   9.2309058e-01   4.6468270e-03   3.4804700e-03   1.0090818e-01   5.7463866e-01   1.0000000e+00   2.7400783e-01   1.3726841e-02
   9.2000000e+01   9.2304724e-01   1.3590424e-03   1.0766576e-02   1.0012159e-01   6.0635859e-01   1.0000000e+00   2.6284611e-01   9.8077841e-03
   9.2000000e+01   6.8442893e-01   4.5373053e-03   3.1265855e-01   3.9460376e-01   3.1727964e-01   3.7967560e-01   3.0022955e-01   1.0000000e+00
   9.3000000e+01   9.2308396e-01   3.0296838e-03   7.0223212e-03   9.7744733e-02   6.2568599e-01   1.0000000e+00   3.1343901e-01   1.9061141e-02
   9.3000000e+01   6.8317771e-01   5.7267374e-03   2.9791206e-01   4.1204518e-01   3.1734291e-01   3.6185306e-01   2.7229491e-01   1.0000000e+00
   9.3000000e+01   9.2202061e-01   3.4569828e-03   1.0717178e-02   1.0585929e-01   6.1916274e-01   1.0000000e+00   2.2777176e-01   8.8986615e-03
   9.4000000e+01   6.8425995e-01   5.7265833e-03   3.1736225e-01   3.9905578e-01   3.2372773e-01   3.7230521e-01   3.0345479e-01   1.0000000e+00
   9.4000000e+01   6.8523091e-01   3.7497813e-03   3.0033055e-01   4.0956846e-01   3.0808806e-01   3.6859387e-01   2.8723466e-01   1.0000000e+00
   9.4000000e+01   9.2297435e-01   1.9814791e-03   1.5727149e-02   9.5065728e-02   5.9060192e-01   1.0000000e+00   2.3991372e-01   1.9930681e-02
   9.4000000e+01   9.2214036e-01   1.5884540e-03   1.3013455e-02   9.0546042e-02   5.5676818e-01   1.0000000e+00   2.7764940e-01   5.8305883e-03
   9.4000000e+01   9.2091966e-01   3.2541126e-03   1.4848400e-02   9.9511988e-02   5.6145883e-01   1.0000000e+00   2.0687215e-01   1.1809736e-02
   9.5000000e+01   9.2226541e-01   1.1937451e-03   7.0850626e-03   1.0117377e-01   5.4348540e-01   1.0000000e+00   2.7343124e-01   2.6976147e-03
   9.5000000e+01   6.8375850e-01   5.2619390e-03   2.9423428e-01   3.9322561e-01   3.0301777e-01   3.6816439e-01   2.7686775e-01   1.0000000e+00
   9.5000000e+01   6.8468016e-01   2.0582182e-03   3.0544946e-01   3.9731246e-01   3.1270492e-01   3.7476414e-01   2.9349199e-01   1.0000000e+00
   9.5000000e+01   9.2164254e-01   3.9020337e-03   3.6605126e-03   8.6137734e-02   4.8845521e-01   1.0000000e+00   2.5340319e-01   6.6329450e-03
   9.5000000e+01   6.1879563e-01   5.3899260e-03   1.0000000e+00   2.5181891e-02   9.9888027e-01   1.6301734e-02   9.8696065e-01   2.3619317e-02
   9.6000000e+01   6.1801916e-01   3.2334884e-03   9.9620920e-01   2.4135664e-02   1.0000000e+00   1.0235551e-02   9.9633706e-01   4.1172706e-02
   9.6000000e+01   6.8538934e-01   5.3530312e-03   2.9638442e-01   3.9241868e-01   3.0118480e-01   3.7232599e-01   2.8157839e-01   1.0000000e+00
   9.6000000e+01   9.2193180e-01   4.3957008e-04   2.6443986e-02   1.2244077e-01   8.7432212e-01   1.0000000e+00   1.6091582e-01   1.5880203e-02
   9.6000000e+01   9.2300171e-01   5.5991928e-04   3.7034031e-02   7.7659689e-02   1.0000000e+00   9.8711729e-01   2.0193666e-01   3.2980129e-02
   9.7000000e+01   6.8485039e-01   4.2707133e-03   2.9763517e-01   3.8538209e-01   3.0791596e-01   3.8119248e-01   2.8527236e-01   1.0000000e+00
   9.7000000e+01   4.6225495e+00   1.2014825e-03   1.0000000e+00   3.6021393e-02   1.7484298e-02   2.3106093e-02   4.6052862e-02   4.0020929e-03
   9.7000000e+01   1.0035699e+01   1.2499469e-04   1.0000000e+00   7.6442561e-03   3.1007046e-03   6.3101542e-03   1.2170620e-02   1.1784017e-02
   9.7000000e+01   9.2253280e-01   2.0455052e-03   6.2882692e-02   3.0613974e-01   8.3908254e-01   9.9149531e-01   1.0000000e+00   9.8624192e-02
   9.8000000e+01   4.6303625e+00   1.4882846e-03   1.0000000e+00   2.3312910e-02   4.8494522e-02   3.7303954e-02   5.3036526e-02   2.8358901e-02
   9.8000000e+01   4.6472039e+00   9.5011387e-04   1.0000000e+00   3.0807577e-02   2.2930646e-02   5.3101618e-02   4.7978953e-02   9.0560075e-03
   9.8000000e+01   9.2259496e-01   1.4665354e-03   4.9752314e-02   2.4002869e-01   6.5809083e-01   1.0000000e+00   7.7757031e-01   8.6851217e-02
   9.8000000e+01   1.0014580e+01   1.6367207e-04   1.0000000e+00   1.5394714e-02   1.2022226e-02   7.4609295e-03   6.6199354e-03   8.6467071e-03
   9.9000000e+01   9.2200768e-01   2.1923780e-03   1.0949893e-01   2.3053041e-01   4.8557293e-01   1.0000000e+00   8.2311726e-01   5.2380089e-02
   9.9000000e+01   9.2305952e-01   1.0265507e-03   1.1302900e-02   2.0152578e-01   3.7687618e-01   1.0000000e+00   7.4862701e-01   2.5517123e-02
   9.9000000e+01   9.2274880e-01   1.3127463e-03   1.7786028e-02   1.7685468e-01   3.5592943e-01   1.0000000e+00   6.4233279e-01   3.1075612e-02
   9.9000000e+01   9.2154664e-01   4.6494026e-03   1.0412697e-01   2.4197735e-01   3.3540457e-01   1.0000000e+00   5.8069724e-01   7.1956448e-02
   9.9000000e+01   9.2235500e-01   3.8999391e-03   1.1060470e-01   2.2472216e-01   2.8172737e-01   1.0000000e+00   6.5132600e-01   7.0485413e-02
   9.9000000e+01   9.2161131e-01   4.1948915e-03   1.1360973e-02   2.3790379e-01   3.6704293e-01   1.0000000e+00   4.9660078e-01   4.3368623e-02
   1.0000000e+02   9.2320406e-01   2.7392146e-03   7.3938267e-03   1.4265886e-01   4.8449606e-01   1.0000000e+00   3.9690220e-01   5.8783721e-02
   1.0000000e+02   9.2248976e-01   3.2870162e-03   2.0815203e-02   1.5186444e-01   5.6911534e-01   1.0000000e+00   3.0309907e-01   3.2435462e-02
   1.0000000e+02   9.2255187e-01   2.8228092e-03   4.6359473e-03   1.2983364e-01   7.2290403e-01   1.0000000e+00   2.6071346e-01   3.3451602e-02
   1.0000000e+02   9.2229831e-01   1.7140157e-03   3.8560800e-02   1.2868544e-01   7.2333944e-01   1.0000000e+00   2.7485669e-01   2.3879029e-02
   1.0000000e+02   9.2209214e-01   3.0597076e-03   2.1616781e-02   1.1126622e-01   7.9381859e-01   1.0000000e+00   2.4455102e-01   1.9614695e-02
   1.0000000e+02   9.2195505e-01   2.8368582e-03   2.4469038e-02   1.2694800e-01   8.3724844e-01   1.0000000e+00   2.3485856e-01   2.5865065e-02
   1.0100000e+02   9.2269880e-01   2.8264946e-03   1.3921499e-02   1.5847637e-01   8.1440479e-01   1.0000000e+00   2.9066205e-01   5.2740406e-03
   1.0100000e+02   9.2303467e-01   3.0977845e-03   1.1161306e-02   1.4637257e-01   8.3014560e-01   1.0000000e+00   2.0385760e-01   2.9994406e-02
   1.0100000e+02   9.2340660e-01   2.0625615e-03   3.6722638e-02   1.1344636e-01   8.3660847e-01   1.0000000e+00   2.3221774e-01   3.6310144e-02
   1.0100000e+02   4.6214495e+00   2.1052803e-03   1.0000000e+00   1.9905599e-02   2.3977879e-02   9.7385710e-03   1.9316761e-02   2.1797070e-02
   1.0200000e+02   9.2207909e-01   1.9223090e-03   1.1978278e-02   1.2604864e-01   7.8761256e-01   1.0000000e+00   2.3432559e-01   1.4786243e-02
   1.0200000e+02   9.2306340e-01   1.7534296e-03   1.1731979e-02   1.1925676e-01   7.2540849e-01   1.0000000e+00   2.8903791e-01   1.1991821e-02
   1.0200000e+02   9.2387426e-01   2.1462997e-03   2.5257587e-02   1.5911938e-01   7.3608327e-01   1.0000000e+00   3.5191742e-01   1.0282692e-02
   1.0200000e+02   9.2471623e-01   3.7554440e-03   2.6348133e-02   1.5415093e-01   7.3470181e-01   1.0000000e+00   3.0494252e-01   1.8070925e-02
   1.0300000e+02   9.2329723e-01   3.7880868e-03   1.2918920e-02   1.2248376e-01   7.8158194e-01   1.0000000e+00   2.9821995e-01   3.9588470e-02
   1.0300000e+02   9.2156816e-01   1.7177900e-03   7.5251558e-03   1.6708110e-01   7.6924169e-01   1.0000000e+00   2.6371497e-01   5.9808098e-02
   1.0300000e+02   9.2272574e-01   2.3439496e-03   3.7516382e-02   1.4722779e-01   7.0487523e-01   1.0000000e+00   2.9466283e-01   1.3074762e-02
   1.0400000e+02   6.8412244e-01   4.3245866e-03   2.8972685e-01   3.9514640e-01   2.9933617e-01   3.7464851e-01   2.7682993e-01   1.0000000e+00
   1.0400000e+02   9.9994773e-01   4.6827765e-03   3.0689534e-02   6.0848136e-02   6.2969886e-02   6.8196788e-02   5.3694423e-02   1.0000000e+00
   1.0400000e+02   9.2363364e-01   2.5805624e-03   8.2894405e-03   1.1303283e-01   6.4730006e-01   1.0000000e+00   3.4316304e-01   9.5611326e-03
   1.0400000e+02   9.2319089e-01   1.7790907e-03   3.6008961e-02   1.0632248e-01   6.0087210e-01   1.0000000e+00   3.4285012e-01   1.4221622e-02
   1.0500000e+02   9.2247772e-01   2.1379408e-03   4.8656456e-02   1.3130426e-01   5.4651129e-01   1.0000000e+00   3.0307996e-01   1.7158937e-02
   1.0500000e+02   9.2252606e-01   3.9582369e-03   5.0346982e-02   1.2748474e-01   5.9485883e-01   1.0000000e+00   3.0373159e-01   3.2651573e-02
   1.0500000e+02   6.8542427e-01   5.0526019e-03   2.9386249e-01   3.9801458e-01   3.0076092e-01   3.7892959e-01   2.8651470e-01   1.0000000e+00
   1.0500000e+02   6.1692882e-01   9.1042928e-03   9.9556279e-01   6.0407691e-02   1.0000000e+00   1.8523257e-02   9.8314893e-01   4.2551424e-02
   1.0500000e+02   6.8533510e-01   3.1632439e-03   3.0049929e-01   4.1231403e-01   3.0469564e-01   3.6964664e-01   2.8509083e-01   1.0000000e+00
   1.0600000e+02   9.2253947e-01   2.2979809e-03   2.7758535e-02   1.1134942e-01   5.2822655e-01   1.0000000e+00   2.6460320e-01   1.1640103e-02
   1.0600000e+02   6.8478972e-01   3.1633324e-03   3.0327612e-01   4.1357002e-01   3.1244758e-01   3.6472112e-01   2.8801292e-01   1.0000000e+00
   1.0600000e+02   9.2219812e-01   2.3854855e-03   1.7415285e-02   9.6770167e-02   5.1017666e-01   1.0000000e+00   2.7005705e-01   4.5433860e-02
   1.0600000e+02   9.2232078e-01   3.2757679e-03   2.0020261e-02   6.5141328e-02   5.5215776e-01   1.0000000e+00   2.7471390e-01   3.8099017e-02
   1.0700000e+02   9.2293465e-01   2.2250682e-03   9.1032632e-02   9.3878828e-02   4.6142820e-01   1.0000000e+00   3.3988622e-01   1.8412808e-02
   1.0700000e+02   9.2091072e-01   3.4834438e-03   7.2890869e-03   1.0313267e-01   4.3305856e-01   1.0000000e+00   3.3524743e-01   3.5470888e-02
   1.0700000e+02   9.2251623e-01   2.5306256e-03   2.3142105e-02   7.9168938e-02   4.2661113e-01   1.0000000e+00   2.7835977e-01   2.9059738e-02
   1.0700000e+02   9.2164654e-01   2.7446740e-03   4.2440470e-02   8.0418408e-02   3.8876355e-01   1.0000000e+00   3.8525218e-01   2.0823697e-02
   1.0700000e+02   9.2255908e-01   2.3177504e-03   2.7879417e-02   7.9243824e-02   3.2734725e-01   1.0000000e+00   3.6186421e-01   1.7973263e-02
   1.0800000e+02   6.8463540e-01   3.6916633e-03   3.0432737e-01   4.0749070e-01   3.0992922e-01   3.7136641e-01   2.9000869e-01   1.0000000e+00
   1.0800000e+02   9.2197889e-01   1.5679786e-03   6.9568388e-02   1.1542593e-01   2.1757993e-01   1.0000000e+00   3.6011961e-01   2.1317404e-02
   1.0800000e+02   4.6356573e+00   4.5650604e-04   1.0000000e+00   1.3860674e-02   1.0792254e-02   2.8396625e-02   1.4589399e-02   2.7822131e-02
   1.0800000e+02   9.2185771e-01   1.4064582e-03   2.5265001e-02   7.3760822e-02   3.1156152e-01   1.0000000e+00   2.3526697e-01   2.2062352e-02
   1.0900000e+02   9.2273200e-01   3.0966266e-03   2.8744737e-02   1.1101786e-01   3.3023909e-01   1.0000000e+00   2.9937252e-01   4.2151399e-02
   1.0900000e+02   9.2219710e-01   2.7816128e-03   1.9560117e-02   1.0459559e-01   3.4833235e-01   1.0000000e+00   3.2914871e-01   1.9896280e-02
   1.0900000e+02   9.2174947e-01   3.0052355e-03   1.3741132e-02   8.7719664e-02   3.9595935e-01   1.0000000e+00   1.8085614e-01   1.1558580e-02
   1.0900000e+02   9.2174572e-01   2.4008953e-03   1.4208577e-03   8.8001676e-02   3.9882475e-01   1.0000000e+00   1.9887310e-01   2.5708579e-02
   1.1000000e+02   9.2274243e-01   1.5113998e-03   7.4492181e-03   8.4178321e-02   4.7598675e-01   1.0000000e+00   1.9055858e-01   2.7444152e-02
   1.1000000e+02   9.2252290e-01   2.5101351e-03   3.5783373e-02   1.0232990e-01   4.2493293e-01   1.0000000e+00   2.6495153e-01   1.1415066e-02
   1.1000000e+02   9.2086375e-01   2.7477145e-03   1.0305910e-02   9.6441649e-02   2.8345847e-01   1.0000000e+00   2.8080407e-01   1.8311312e-02
   1.1000000e+02   9.2153585e-01   3.1649573e-03   1.9734148e-02   9.5046833e-02   2.1561590e-01   1.0000000e+00   2.4085253e-01   3.7811527e-03
   1.1000000e+02   9.2341232e-01   3.1045801e-03   2.2901736e-02   6.4149179e-02   3.5205674e-01   1.0000000e+00   1.6745155e-01   7.6025939e-03
   1.1100000e+02   9.2253947e-01   2.8689571e-03   2.8591312e-02   5.2284949e-02   5.6617522e-01   1.0000000e+00   3.4938313e-02   2.3617681e-02
   1.1100000e+02   9.2204607e-01   2.4488000e-03   1.1460404e-02   4.8362058e-02   5.2334213e-01   1.0000000e+00   1.0871761e-01   8.8323914e-03
   1.1100000e+02   9.2258656e-01   1.2524702e-03   2.2388669e-02   6.3475378e-02   5.4437214e-01   1.0000000e+00   1.5521798e-01   1.2030647e-02
   1.1100000e+02   9.2281574e-01   2.9807838e-03   2.7179034e-02   5.3097609e-02   5.3231138e-01   1.0000000e+00   2.3051257e-01   2.0260802e-02
   1.1200000e+02   9.2189646e-01   2.8053888e-03   1.9567467e-02   7.6059230e-02   5.4360163e-01   1.0000000e+00   2.6485798e-01   1.4779720e-02
   1.1200000e+02   9.2236966e-01   2.0044402e-03   2.1520911e-02   9.5994949e-02   6.0420662e-01   1.0000000e+00   4.3663964e-01   2.6665932e-02
   1.1200000e+02   9.2228413e-01   7.4197602e-04   1.7824521e-02   6.0451802e-02   6.2715048e-01   1.0000000e+00   3.7647310e-01   1.6059758e-02
   1.1300000e+02   9.2213476e-01   2.2502146e-03   2.7461937e-02   6.5100864e-02   7.5094563e-01   1.0000000e+00   3.7017623e-01   1.4915033e-02
   1.1300000e+02   4.6064177e+00   1.9683016e-03   1.0000000e+00   1.3407271e-02   1.3129083e-02   1.1729707e-02   5.1761726e-03   4.5849183e-03
   1.1300000e+02   9.2355978e-01   3.4525271e-03   1.4245095e-02   2.9496105e-02   1.0000000e+00   7.0610070e-01   4.3878180e-01   1.4771421e-02
   1.1300000e+02   9.2346114e-01   3.0459017e-03   9.7250529e-03   4.8517276e-02   1.0000000e+00   7.9167390e-01   5.0740218e-01   2.2632467e-02
   1.1400000e+02   1.0004133e+00   3.6920127e-03   5.2277852e-02   4.7181144e-02   8.6970754e-02   4.2528611e-02   5.1129311e-02   1.0000000e+00
   1.1400000e+02   9.2349410e-01   2.7306506e-03   1.2549882e-02   6.1150059e-02   1.0000000e+00   5.7372683e-01   4.7231984e-01   3.0283315e-02
   1.1400000e+02   9.2255074e-01   1.4672272e-03   2.5249096e-02   1.0648054e-01   7.1663380e-01   1.0000000e+00   4.0543291e-01   3.1291235e-02
   1.1400000e+02   6.8325496e-01   3.3522241e-03   3.1938905e-01   4.0485331e-01   3.2513392e-01   3.6928865e-01   3.0315596e-01   1.0000000e+00
   1.1500000e+02   9.2434245e-01   2.6168795e-03   3.6286861e-02   1.1286871e-01   6.7913854e-01   1.0000000e+00   1.4114967e-01   1.9912349e-02
   1.1500000e+02   9.2305911e-01   3.1547414e-03   1.0219867e-02   7.8582436e-02   8.3214611e-01   1.0000000e+00   2.3026957e-01   1.5104237e-02
   1.1500000e+02   9.2239869e-01   2.9105749e-03   1.2157205e-02   8.3357416e-02   8.8360554e-01   1.0000000e+00   2.3942290e-01   3.4960874e-03
   1.1600000e+02   9.2221433e-01   2.1260986e-03   1.6687378e-02   8.6474732e-02   9.8171484e-01   1.0000000e+00   2.7186859e-01   4.1880731e-02
   1.1600000e+02   9.2300272e-01   2.5344663e-03   1.8242726e-02   1.0054574e-01   1.0000000e+00   9.4472146e-01   3.2746047e-01   2.6401302e-02
   1.1600000e+02   4.5989356e+00   1.4336314e-03   1.0000000e+00   1.0244927e-02   1.8817233e-02   1.9546883e-02   2.3207380e-02   8.4591387e-03
   1.1600000e+02   9.2236716e-01   1.2891776e-03   2.4689939e-02   1.1270720e-01   8.6032915e-01   1.0000000e+00   4.4387904e-01   2.2450836e-02
   1.1600000e+02   9.2267364e-01   4.1843192e-03   2.3701172e-02   8.2261451e-02   9.0788364e-01   1.0000000e+00   3.5656980e-01   5.3670876e-02
   1.1700000e+02   4.6311402e+00   2.2674145e-03   1.0000000e+00   2.5491359e-02   2.0363118e-02   2.2636879e-02   1.7902428e-02   1.1152295e-02
   1.1700000e+02   9.2194754e-01   3.3494802e-03   3.1785697e-02   9.8884970e-02   7.9428846e-01   1.0000000e+00   4.4801718e-01   1.6466208e-02
   1.1700000e+02   1.0035713e+01   3.9668227e-04   6.5189026e-02   1.0000000e+00   1.4471811e-01   1.3340983e-01   7.7469058e-02   1.2936944e-02
   1.1700000e+02   9.2221332e-01   1.3897642e-03   8.9863241e-03   1.1909843e-01   3.7699091e-01   1.0000000e+00   5.7431698e-01   1.5919182e-02
   1.1700000e+02   9.2255509e-01   1.4665656e-03   1.0572617e-02   1.1778993e-01   1.7331962e-01   1.0000000e+00   4.8578817e-01   8.4587494e-03
   1.1800000e+02   9.2254251e-01   1.4262151e-03   7.7471915e-03   1.1336448e-01   1.5283608e-01   1.0000000e+00   4.6028575e-01   9.5610982e-03
   1.1800000e+02   9.2356461e-01   4.8837001e-03   1.7416077e-03   1.1416392e-01   2.1725966e-01   1.0000000e+00   3.6820060e-01   1.5048344e-02
   1.1800000e+02   9.2271411e-01   2.0700872e-03   1.0505763e-02   1.1259880e-01   2.5093243e-01   1.0000000e+00   3.6200827e-01   2.4310917e-02
   1.1900000e+02   9.2138416e-01   3.2229114e-03   1.6227860e-02   1.1144923e-01   2.9018685e-01   1.0000000e+00   3.6976561e-01   1.9592319e-02
   1.1900000e+02   9.2269105e-01   1.9010707e-03   2.4771770e-02   9.8136708e-02   2.7351838e-01   1.0000000e+00   3.7695152e-01   7.2662751e-03
   1.1900000e+02   9.2228895e-01   2.1093974e-03   1.2679462e-02   1.0526622e-01   3.1522006e-01   1.0000000e+00   3.7693104e-01   1.2854549e-02
   1.1900000e+02   9.2425358e-01   3.0050541e-03   2.4564136e-02   1.2401929e-01   3.8044819e-01   1.0000000e+00   3.5738355e-01   1.7060395e-02
   1.2000000e+02   9.2179215e-01   4.0804534e-03   2.2527561e-02   1.0631871e-01   4.6903712e-01   1.0000000e+00   3.2057992e-01   2.3129981e-02
   1.2000000e+02   6.8598127e-01   7.0427554e-03   2.8547287e-01   3.8081515e-01   2.9562292e-01   3.8162068e-01   2.7744156e-01   1.0000000e+00
   1.2000000e+02   9.2253971e-01   3.5477823e-03   1.3569385e-02   1.1978213e-01   5.4798633e-01   1.0000000e+00   2.9564333e-01   4.7234874e-03
   1.2000000e+02   4.5615935e+00   3.2772073e-03   1.0000000e+00   5.2614577e-02   5.0300616e-03   7.2842971e-03   2.2483904e-02   8.6803967e-03
   1.2000000e+02   9.2290920e-01   3.0076483e-03   1.2748744e-02   1.0527832e-01   6.0366613e-01   1.0000000e+00   2.6352826e-01   1.6722230e-02
   1.2100000e+02   1.0004483e+00   3.5527742e-03   2.6369857e-02   9.5108347e-03   5.9247181e-02   8.2270108e-02   5.5351509e-03   1.0000000e+00
   1.2100000e+02   6.8400055e-01   4.1338406e-03   2.9671001e-01   3.8659683e-01   3.0535090e-01   3.7616926e-01   2.8199363e-01   1.0000000e+00
   1.2100000e+02   9.2359602e-01   3.4722358e-03   1.2563090e-02   1.0454272e-01   6.2855387e-01   1.0000000e+00   2.4243778e-01   9.1088228e-03
   1.2100000e+02   9.2295384e-01   3.7428041e-03   8.0151828e-03   1.0369740e-01   5.8715123e-01   1.0000000e+00   2.3799570e-01   4.3595047e-03
   1.2200000e+02   4.5988345e+00   2.8048886e-03   1.0000000e+00   2.5158670e-02   1.3853422e-02   2.1405244e-02   1.8195258e-02   1.9209937e-03
   1.2200000e+02   4.5239997e+00   1.9725675e-03   4.4556778e-02   1.0000000e+00   2.4681827e-01   1.5880737e-01   1.7355704e-01   7.0366706e-03
   1.2200000e+02   9.2249167e-01   4.2635472e-03   1.4784568e-02   1.0174635e-01   5.4401231e-01   1.0000000e+00   2.6278299e-01   1.3336296e-02
   1.2200000e+02   9.2050391e-01   4.3571782e-03   1.5017755e-02   8.5696779e-02   5.2468914e-01   1.0000000e+00   2.8603470e-01   6.2798774e-03
   1.2300000e+02   1.0047219e+01   5.8595330e-04   4.8398979e-02   1.0000000e+00   1.9321716e-01   1.3992368e-01   1.0020198e-01   7.4957903e-03
   1.2300000e+02   9.2245531e-01   1.9666762e-03   1.3954587e-02   9.8075382e-02   4.7957644e-01   1.0000000e+00   2.9355744e-01   8.2315477e-03
   1.2300000e+02   6.8400800e-01   2.8473691e-03   2.8995568e-01   3.8982809e-01   2.9881081e-01   3.7268260e-01   2.7718079e-01   1.0000000e+00
   1.2300000e+02   4.6530552e+00   6.8176416e-04   1.0000000e+00   1.1406305e-02   9.1387313e-03   2.5716690e-02   1.2055642e-02   4.3854579e-02
   1.2300000e+02   4.6593704e+00   1.6527126e-03   1.0000000e+00   8.7837717e-03   3.1556718e-02   3.2548532e-02   2.2771841e-02   1.2347537e-02
   1.2400000e+02   9.2141694e-01   7.0836378e-04   1.3194442e-02   1.5252888e-01   1.0000000e+00   9.2267013e-01   2.5841972e-01   1.7346244e-02
   1.2400000e+02   1.0029637e+01   1.2844261e-04   1.0000000e+00   2.0489253e-02   1.2679209e-02   6.5066470e-03   2.1394745e-02   5.1299045e-03
   1.2400000e+02   4.6307139e+00   3.5961156e-03   1.0000000e+00   1.5629731e-02   4.6408072e-02   1.8369349e-02   5.7907991e-02   4.7026664e-02
   1.2400000e+02   4.6582708e+00   1.6699906e-03   1.0000000e+00   2.1220967e-02   2.3586869e-02   1.0471940e-02   2.0309344e-02   3.8492665e-02
   1.2500000e+02   1.0044946e+01   1.8992367e-04   3.3191126e-02   1.0000000e+00   1.8258220e-01   1.5214753e-01   5.9823401e-02   3.3739790e-02
   1.2500000e+02   1.0011493e+00   3.2829843e-03   3.7682485e-02   3.5992131e-02   1.5616968e-02   2.1418553e-02   2.0219564e-02   1.0000000e+00
   1.2500000e+02   4.6324282e+00   8.5796340e-04   1.0000000e+00   3.6082812e-02   1.1251960e-03   1.9270379e-02   2.8529284e-03   1.7389076e-02
   1.2500000e+02   4.6534753e+00   2.7324150e-03   1.0000000e+00   1.6943457e-02   9.6646165e-03   1.4496544e-02   1.4175227e-02   1.3254137e-02
   1.2500000e+02   4.6577482e+00   3.0106301e-03   1.0000000e+00   2.3566963e-02   2.0013625e-02   2.9033259e-02   4.5920692e-02   2.5705371e-02
   1.2600000e+02   4.6509833e+00   3.2572735e-03   1.0000000e+00   1.7199822e-02   2.3160523e-02   4.1806665e-03   3.9348666e-02   2.8230311e-02
   1.2600000e+02   4.6262913e+00   2.2120674e-03   1.0000000e+00   5.0183415e-02   3.3293102e-02   1.6735025e-02   2.6593694e-02   3.9120551e-02
   1.2600000e+02   4.6137314e+00   2.7697594e-03   1.0000000e+00   6.2756576e-02   3.1670138e-02   3.4072526e-02   2.1232268e-02   2.6530648e-02
   1.2600000e+02   4.6324658e+00   2.3648099e-03   1.0000000e+00   1.4325641e-02   6.3778176e-03   1.4464831e-02   2.4141777e-02   3.8039836e-03
   1.2600000e+02   4.6355543e+00   1.7286406e-03   1.0000000e+00   1.7748691e-02   3.8556119e-03   1.5180881e-02   3.1355474e-02   1.9731537e-02
   1.2700000e+02   1.0059948e+01   2.6844407e-04   4.9742278e-02   1.0000000e+00   1.6665360e-01   1.3742541e-01   8.4833227e-02   1.8880956e-02
   1.2700000e+02   4.6017332e+00   2.3422770e-03   1.0000000e+00   6.4875502e-03   2.3926385e-02   8.8859014e-03   2.7240908e-02   1.1602760e-02
   1.2800000e+02   4.6108623e+00   1.8242951e-03   1.0000000e+00   1.2389241e-02   4.2539965e-03   1.5120663e-02   1.1508590e-02   5.3449385e-03
   1.2800000e+02   4.6142197e+00   1.9173140e-03   1.0000000e+00   1.9463075e-02   1.8444169e-02   2.6077963e-02   8.9964904e-03   2.1616792e-02
   1.2800000e+02   4.6268053e+00   2.4375941e-03   1.0000000e+00   2.6881514e-02   5.5005914e-03   1.6931135e-02   1.0680741e-02   2.1578711e-02
   1.2800000e+02   4.6324043e+00   2.4365415e-03   1.0000000e+00   1.0031795e-02   1.2555748e-02   1.1389317e-02   1.1851594e-02   6.8407371e-03
   1.2900000e+02   1.0062098e+01   2.9948793e-04   3.8016208e-02   1.0000000e+00   1.7630044e-01   1.2019780e-01   9.8519512e-02   6.2953476e-03
   1.2900000e+02   9.2359734e-01   3.6526932e-03   5.6703262e-02   1.3745153e-01   6.9505250e-01   1.0000000e+00   3.0707985e-01   6.1273757e-02
   1.2900000e+02   1.0035994e+01   4.6166079e-04   1.0000000e+00   1.7300878e-02   6.4844918e-03   1.5066740e-02   4.8663262e-03   4.3515665e-03
   1.3000000e+02   1.0048909e+01   2.5553245e-04   4.7306374e-02   1.0000000e+00   1.5435261e-01   1.4895809e-01   9.7673781e-02   5.6806416e-03
   1.3000000e+02   4.5977144e+00   4.7689970e-03   1.0000000e+00   4.2828068e-02   9.3541332e-03   3.5930805e-02   4.3177165e-02   1.3480131e-02
   1.3000000e+02   9.9966490e-01   4.0197806e-03   3.7318259e-02   2.7280618e-02   4.0537272e-02   9.8009035e-03   3.4816235e-02   1.0000000e+00
   1.3000000e+02   4.6308203e+00   2.9602093e-03   1.0000000e+00   1.0410492e-02   9.5562078e-03   3.2307685e-03   1.9344846e-02   1.5554943e-02
   1.3100000e+02   9.2342043e-01   4.0455549e-03   6.0365010e-02   1.0054419e-01   6.2448263e-01   1.0000000e+00   2.7314189e-01   4.3249320e-02
   1.3100000e+02   6.8464839e-01   5.4831579e-03   2.9602095e-01   3.8978660e-01   3.0496356e-01   3.7403223e-01   2.8424701e-01   1.0000000e+00
   1.3100000e+02   9.2340964e-01   4.1967025e-03   4.7277648e-02   7.7063173e-02   5.8258229e-01   1.0000000e+00   2.3375937e-01   6.2861674e-02
   1.3100000e+02   4.6224561e+00   2.2104422e-03   1.0000000e+00   6.8178200e-03   2.2243967e-02   2.2832330e-02   2.0620445e-02   1.7577935e-02
   1.3200000e+02   4.5962062e+00   1.5099924e-03   1.0000000e+00   8.0061397e-03   7.6867384e-03   9.0591535e-03   9.2588142e-03   6.8649100e-03
   1.3200000e+02   1.0029755e+01   2.5822641e-04   1.0000000e+00   1.5935065e-02   4.1192528e-03   1.0827027e-02   8.5245660e-03   1.3354344e-02
   1.3200000e+02   4.5977001e+00   3.7020333e-03   1.0000000e+00   7.3988900e-02   3.2637134e-02   2.1532835e-02   2.3758570e-02   2.6117656e-02
   1.3200000e+02   4.6162381e+00   2.3505692e-03   1.0000000e+00   1.9085294e-02   3.9645210e-02   6.1666962e-02   1.0283128e-02   1.6809906e-03
   1.3200000e+02   4.6326966e+00   1.6628271e-03   1.0000000e+00   7.2589847e-03   1.3701625e-02   1.1832878e-02   9.3017705e-03   5.5404366e-03
   1.3200000e+02   9.2211115e-01   1.3952676e-03   5.3019328e-03   8.7950729e-02   1.9191086e-01   1.0000000e+00   3.5032070e-01   8.7992791e-03
   1.3300000e+02   1.0052813e+01   5.1554918e-05   4.0904909e-02   1.0000000e+00   1.9711937e-01   1.4663042e-01   9.5175348e-02   1.3669218e-02
   1.3300000e+02   4.5979481e+00   2.8633755e-03   1.0000000e+00   1.9720567e-02   3.9330281e-02   3.0044379e-02   1.0364735e-02   8.2171010e-03
   1.3300000e+02   4.6126885e+00   2.2113754e-03   1.0000000e+00   7.6729148e-03   1.5137466e-02   1.4455297e-02   2.5534244e-02   4.2871032e-03
   1.3400000e+02   4.6158366e+00   1.8897352e-03   1.0000000e+00   2.4508033e-02   2.2461876e-02   2.5741472e-03   1.0607653e-02   7.9403054e-03
   1.3400000e+02   4.5956316e+00   2.5795989e-03   1.0000000e+00   6.0557127e-03   2.0169323e-02   3.6817908e-03   8.1246942e-03   1.7822452e-02
   1.3400000e+02   4.5856128e+00   1.4199164e-03   1.0000000e+00   1.0050839e-02   1.6355587e-02   2.5842100e-02   8.3807604e-03   8.6634336e-03
   1.3400000e+02   4.5791597e+00   1.8858198e-03   1.0000000e+00   1.3986994e-02   9.9034961e-03   1.0697995e-02   1.8349733e-02   1.0821916e-02
   1.3500000e+02   4.6267967e+00   2.2065882e-03   1.0000000e+00   1.4798010e-02   1.1806755e-02   2.0391084e-02   9.1369096e-03   1.3091428e-02
   1.3500000e+02   1.0029450e+01   3.2281841e-04   1.0000000e+00   2.4069596e-02   6.1402838e-03   6.0941447e-03   7.5655426e-03   6.1411862e-03
   1.3500000e+02   9.2200708e-01   1.8660483e-03   2.3182122e-02   1.0676789e-01   5.7968187e-01   1.0000000e+00   2.7293277e-01   1.0494457e-02
   1.3500000e+02   1.0032728e+01   2.3892599e-04   1.0000000e+00   2.5359344e-02   2.9756660e-03   7.7093700e-03   4.9537490e-03   3.4184246e-03
   1.3600000e+02   4.6126184e+00   2.5165034e-03   1.0000000e+00   2.6558960e-02   1.6125388e-02   3.3595849e-02   9.5717777e-03   1.9386513e-02
   1.3600000e+02   4.6257687e+00   1.6629176e-03   1.0000000e+00   2.5306456e-02   1.8375788e-02   2.5528794e-02   1.2490092e-02   7.4692122e-03
   1.3600000e+02   4.6315246e+00   2.8414179e-03   1.0000000e+00   5.8520693e-02   1.2755748e-02   1.5204749e-02   1.9613102e-02   2.0746518e-02
   1.3700000e+02   4.6133971e+00   1.4201627e-03   1.0000000e+00   1.4651058e-02   1.1255404e-02   6.6065816e-03   1.2856873e-02   1.8862760e-02
   1.3700000e+02   4.6196918e+00   2.6949428e-03   1.0000000e+00   1.4534349e-02   1.4755585e-02   1.9949682e-02   1.1153742e-02   4.7963411e-03
   1.3700000e+02   4.5792823e+00   2.5661215e-03   1.0000000e+00   2.8800830e-02   1.6001439e-02   2.4857247e-02   1.2040689e-02   2.3000831e-02
   1.3800000e+02   4.5986428e+00   3.0265108e-03   1.0000000e+00   5.2158285e-02   8.0296509e-03   2.3107152e-02   3.4836850e-03   1.1378709e-02
   1.3800000e+02   9.2189312e-01   3.2818471e-03   1.2203707e-02   1.1893287e-01   4.9237743e-01   1.0000000e+00   3.1864050e-01   1.4001302e-02
   1.3800000e+02   4.6066194e+00   2.6679779e-03   1.0000000e+00   2.8280167e-02   5.9783743e-03   3.9637880e-03   1.7977197e-02   7.0110508e-03
   1.3800000e+02   9.2356926e-01   2.3079328e-03   1.2491010e-02   1.1066522e-01   6.2712145e-01   1.0000000e+00   3.0106145e-01   6.4329659e-03
   1.3800000e+02   1.0052414e+01   3.8010327e-04   4.1690122e-02   1.0000000e+00   1.6827685e-01   1.3841429e-01   9.1275997e-02   7.1110814e-03
   1.3900000e+02   9.2158979e-01   2.0466531e-03   7.5818975e-03   9.4777465e-02   4.7624129e-01   1.0000000e+00   2.8933388e-01   2.0513974e-02
   1.3900000e+02   1.0011430e+01   1.7051250e-04   1.0000000e+00   8.8402638e-03   1.2082797e-02   1.1208625e-02   2.1680808e-02   5.8133998e-03
   1.3900000e+02   1.0042327e+01   2.1731354e-04   5.9613451e-02   1.0000000e+00   1.7349122e-01   1.5180764e-01   1.0704880e-01   2.3560574e-02
   1.3900000e+02   1.0020062e+01   1.9540249e-04   1.0000000e+00   2.1586426e-02   2.7235849e-03   1.0691967e-02   5.5440357e-03   1.4544436e-02
   1.4000000e+02   1.0012565e+01   3.4205741e-04   1.0000000e+00   1.9695422e-02   1.1629395e-02   1.0867457e-02   9.7982287e-03   5.1227612e-03
   1.4000000e+02   1.0027948e+01   2.5884426e-04   1.0000000e+00   2.5338251e-02   1.2895016e-02   1.4293454e-02   1.3898061e-02   1.0737745e-02
   1.4000000e+02   1.0035310e+01   3.0410156e-04   1.0000000e+00   3.2299239e-02   2.1891596e-03   1.3358105e-02   1.7642526e-02   5.4042875e-03
   1.4000000e+02   1.0025359e+01   2.2811131e-04   1.0000000e+00   3.1004116e-02   1.3598704e-02   7.6543633e-03   8.0544436e-03   3.5291717e-03
   1.4100000e+02   1.0036004e+01   1.7310260e-04   1.0000000e+00   1.6121348e-02   1.3561512e-02   1.9501243e-03   2.0975599e-02   1.2980112e-02
   1.4100000e+02   1.0054331e+01   3.1957272e-04   2.7094310e-02   1.0000000e+00   1.8532494e-01   1.4377826e-01   1.0458411e-01   8.0203051e-03
   1.4100000e+02   1.0058034e+01   3.1525973e-04   1.4565089e-02   1.0000000e+00   1.9334517e-01   1.2609255e-01   1.0810474e-01   1.0892657e-02
   1.4100000e+02   4.6382847e+00   2.6985737e-03   1.0000000e+00   1.4061729e-02   1.6790634e-03   2.7781848e-03   9.1378614e-03   1.0868849e-02
   1.4200000e+02   9.2238569e-01   3.9135171e-03   1.8374676e-02   9.7538121e-02   5.9087145e-01   1.0000000e+00   2.9033956e-01   1.4396299e-02
   1.4200000e+02   4.6229558e+00   2.7709987e-03   1.0000000e+00   9.0725934e-03   5.7242215e-03   2.5592390e-02   1.6042169e-02   1.3983097e-02
   1.4200000e+02   1.0046341e+01   2.7733628e-04   3.6175001e-02   1.0000000e+00   1.6754974e-01   1.3601881e-01   8.7605700e-02   1.0913436e-02
   1.4200000e+02   1.0058389e+01   2.5668976e-04   2.6199535e-02   1.0000000e+00   1.8914837e-01   1.5482588e-01   1.0524825e-01   2.6898893e-02
   1.4300000e+02   1.0041852e+01   4.2681766e-04   1.0000000e+00   3.7110209e-02   5.8792033e-03   6.2897708e-03   1.4435709e-02   2.5374065e-03
   1.4300000e+02   1.0033565e+01   2.5208495e-04   1.0000000e+00   1.9934917e-02   1.1061171e-02   1.2045413e-02   1.7402314e-02   1.0054715e-02
   1.4300000e+02   4.6046124e+00   1.4032656e-03   1.0000000e+00   1.0955712e-02   4.5506883e-02   4.9049653e-02   2.1115415e-02   2.2151837e-02
   1.4300000e+02   1.0047031e+01   2.5279020e-04   7.7653028e-02   1.0000000e+00   1.7449945e-01   1.3926241e-01   9.0924390e-02   2.0005647e-02
   1.4400000e+02   4.5949907e+00   2.4902965e-03   1.0000000e+00   2.9325021e-02   1.4815277e-02   1.9605616e-02   1.4758764e-02   1.9088890e-02
   1.4400000e+02   4.5842557e+00   2.0776724e-03   1.0000000e+00   3.5992496e-02   2.3820527e-02   3.5355277e-02   1.7168721e-02   1.4492111e-02
   1.4400000e+02   1.0042001e+01   2.7404609e-04   3.6671288e-02   1.0000000e+00   1.0413495e-01   1.0895614e-01   6.5911524e-02   3.3400059e-02
   1.4400000e+02   4.6312599e+00   2.7394048e-03   1.0000000e+00   1.8645095e-02   5.1805614e-03   7.1719731e-04   1.0995639e-02   2.7242137e-02
   1.4400000e+02   1.2166129e+01   4.3243624e-04   5.5990566e-02   9.0557756e-03   7.3324524e-02   3.3114254e-02   7.9311699e-02   1.0000000e+00
   1.4400000e+02   1.0069737e+01   4.1396907e-04   4.1840993e-02   1.0000000e+00   1.8561135e-01   1.3794334e-01   1.0026374e-01   2.0334093e-02
